1000 9887
871 660
86 820
472 584
729 285
76 378
561 962
103 895
254 761
440 21
869 260
321 245
697 115
365 37
555 125
389 821
85 230
855 966
496 171
95 989
490 921
988 348
316 781
678 39
91 731
455 346
903 966
78 967
669 672
126 543
633 681
579 719
363 72
736 686
558 987
960 38
597 959
853 293
415 286
491 172
273 400
336 875
709 294
503 797
589 848
701 834
810 713
139 276
802 763
912 103
418 752
519 698
866 754
685 334
82 165
283 966
373 303
310 445
901 886
461 831
873 327
504 286
802 989
182 362
875 997
281 96
11 65
162 648
732 13
346 368
842 605
367 26
794 664
858 471
242 912
402 736
391 963
483 279
945 574
17 760
225 896
320 744
51 616
531 818
237 173
402 898
76 237
649 387
557 634
650 172
742 574
752 570
289 284
411 993
138 619
531 16
386 545
902 601
47 818
863 60
973 556
874 775
468 980
937 203
969 156
580 949
248 566
834 325
818 894
47 16
854 126
566 820
865 441
190 520
526 422
840 873
125 699
691 146
532 994
662 785
278 742
21 720
745 701
687 326
508 488
827 835
991 604
249 799
748 327
974 769
615 49
317 750
528 115
196 385
824 938
383 637
940 768
462 68
279 662
278 454
432 55
819 901
72 30
56 643
220 398
367 457
25 136
659 888
290 60
552 663
186 509
629 795
181 452
388 154
457 678
224 663
759 633
445 753
64 832
873 238
391 751
659 671
507 312
417 16
262 856
926 243
695 466
228 453
553 906
934 313
368 704
852 658
428 662
604 543
772 307
242 376
615 836
317 394
891 109
583 883
97 957
981 84
963 569
514 777
23 329
27 138
502 168
69 539
490 608
445 507
292 318
592 492
424 398
887 319
17 1
741 365
457 458
370 925
340 401
13 85
586 361
304 486
306 176
364 510
420 440
97 29
685 500
119 484
767 8
165 588
738 286
408 463
819 707
16 244
737 94
776 654
524 20
282 347
581 69
713 213
128 845
145 929
664 943
198 11
723 396
871 828
239 182
119 668
671 229
287 748
733 940
42 665
841 517
731 183
16 688
973 78
686 589
247 361
859 107
269 985
386 122
132 449
349 837
996 128
594 311
727 16
711 623
368 669
835 147
530 447
346 876
844 163
241 114
131 904
260 444
498 867
134 413
411 824
998 860
46 135
532 256
41 299
189 355
374 161
925 303
967 550
95 9
49 865
344 99
571 996
660 531
683 914
834 282
763 160
726 788
857 939
313 205
553 418
662 524
757 100
80 764
601 430
911 563
313 906
597 922
728 39
754 800
106 903
378 864
714 198
883 709
420 77
946 53
162 516
288 695
880 817
207 34
639 17
89 909
828 416
885 177
499 490
872 880
528 44
214 835
341 194
859 392
797 960
836 890
908 351
750 992
589 542
497 590
996 608
851 351
599 709
124 683
140 640
475 51
168 713
633 411
580 246
893 89
729 1000
915 619
161 241
508 40
290 471
3 934
686 52
86 821
930 167
254 623
661 309
720 287
262 800
15 488
214 821
492 395
627 320
482 277
155 765
284 415
843 680
204 102
332 435
833 370
62 28
635 202
908 499
91 980
678 890
556 610
27 340
9 993
407 244
948 212
291 715
329 540
78 853
136 508
778 567
356 543
430 258
216 138
714 905
878 764
645 293
580 221
961 240
799 752
946 356
22 651
986 549
435 217
900 373
334 969
669 592
563 213
411 320
505 29
126 623
623 793
476 362
258 213
957 469
559 1
729 366
767 482
849 785
421 648
814 177
503 796
533 535
571 460
885 228
26 75
870 888
961 572
516 674
656 206
732 889
895 415
201 231
918 194
131 652
297 660
444 605
799 197
55 117
737 134
573 504
665 82
401 951
154 969
211 664
285 353
859 772
243 997
689 453
836 124
548 392
253 414
570 64
698 125
828 904
405 937
552 726
768 99
275 405
777 314
389 485
373 825
862 951
587 924
659 507
716 760
552 873
981 748
29 15
532 527
72 583
590 336
151 540
996 47
389 135
564 299
569 728
52 738
557 650
122 783
468 759
53 347
575 506
672 203
247 149
69 661
711 234
205 65
71 75
553 728
971 121
937 185
652 660
190 815
193 217
984 252
161 571
273 33
481 326
524 606
88 32
516 10
554 837
863 221
296 109
425 783
672 280
395 611
268 499
605 438
201 976
697 955
516 153
518 827
464 197
444 172
142 617
818 929
966 105
793 677
480 248
758 207
736 738
67 968
366 724
888 340
528 485
303 569
201 131
23 974
962 982
224 748
379 712
879 655
135 33
928 985
528 131
710 671
695 105
54 915
962 760
488 879
984 884
287 779
271 662
293 842
167 865
462 359
138 121
301 987
251 720
560 18
963 111
410 885
881 714
717 420
790 84
557 443
587 966
752 889
380 154
627 395
42 511
663 467
298 901
190 143
780 761
693 60
566 314
454 512
560 409
294 217
501 555
527 389
235 627
165 324
871 477
43 872
961 493
891 108
964 752
749 134
794 752
843 961
147 822
593 666
799 938
468 890
308 739
570 762
41 121
888 948
45 545
65 939
468 88
198 193
74 499
843 545
335 488
961 809
943 233
502 331
400 39
476 338
259 236
467 17
548 947
828 46
529 143
668 396
738 287
82 219
762 393
895 343
11 938
799 157
567 145
344 657
958 151
754 50
258 705
943 658
721 722
560 208
443 436
104 748
67 480
231 557
180 513
570 393
609 357
479 631
996 419
458 400
750 21
612 659
371 775
299 34
637 32
267 960
878 15
742 997
91 821
114 110
939 99
578 289
940 440
929 969
968 561
298 8
962 51
87 406
829 705
467 585
333 562
635 158
213 108
765 559
91 576
937 454
132 893
556 470
942 250
352 959
80 622
317 143
9 678
251 503
678 136
754 482
904 853
801 563
469 421
255 84
990 25
403 779
562 256
945 392
865 337
663 2
978 720
687 136
925 771
231 60
306 341
311 228
538 344
597 763
11 744
491 992
681 688
130 214
852 303
619 492
413 549
234 2
641 706
179 703
36 284
898 211
224 20
214 691
414 401
823 111
702 836
372 315
229 414
471 177
112 840
495 63
120 323
893 88
984 812
509 879
668 882
171 426
431 916
676 862
369 373
595 579
377 866
237 822
412 380
95 680
276 790
688 382
882 717
802 490
271 29
879 232
720 175
938 250
104 132
303 428
860 715
275 199
392 105
892 212
217 980
15 137
17 111
451 851
774 280
133 672
730 154
456 779
825 390
701 299
994 279
190 816
288 296
640 573
808 463
937 237
835 714
136 267
113 409
913 5
880 112
808 237
112 202
477 990
135 632
519 918
983 709
231 32
14 574
71 571
40 405
326 2
283 555
846 200
184 916
990 37
822 852
965 236
107 764
572 834
955 74
831 759
23 538
135 60
854 828
304 120
158 871
125 496
875 256
680 483
699 65
106 463
362 853
128 165
352 686
59 863
189 772
719 672
689 341
450 323
638 816
513 935
953 168
312 288
534 607
42 649
363 286
81 421
752 862
454 650
769 334
590 294
596 935
498 198
964 511
108 521
938 222
995 259
65 858
302 665
925 860
858 9
902 224
223 249
705 874
762 621
85 248
527 465
734 527
431 93
752 282
80 423
557 939
908 623
835 249
620 289
913 199
108 461
199 934
771 289
574 182
740 666
726 861
518 937
540 145
630 659
531 462
291 853
842 114
455 606
957 504
853 711
601 278
309 793
110 50
105 420
719 290
62 855
11 675
49 372
693 899
141 348
690 139
7 311
850 656
447 572
656 43
766 346
399 697
221 826
443 205
941 198
286 261
73 344
605 180
629 883
988 22
43 385
6 791
962 761
85 774
485 60
220 319
572 580
349 605
647 26
962 616
397 795
293 986
917 240
646 982
744 304
412 855
950 376
309 96
812 377
336 66
109 101
907 663
357 340
103 171
129 523
773 354
616 98
134 292
265 91
986 55
843 738
347 499
151 547
1000 391
104 220
969 856
129 725
1000 278
69 743
195 564
108 710
290 960
424 696
167 394
320 259
49 891
602 409
394 866
490 991
625 834
700 574
140 873
100 590
302 262
250 63
786 435
184 417
439 192
874 648
526 17
877 259
71 332
112 131
535 349
407 974
827 899
689 614
373 213
552 350
1000 865
325 82
880 791
439 462
530 321
61 440
597 742
67 935
709 508
583 471
642 423
587 304
845 748
281 69
872 416
317 671
909 891
895 342
537 308
297 869
707 612
430 977
948 918
456 76
921 6
619 289
595 135
885 622
395 296
508 151
954 41
862 854
703 726
461 39
910 980
90 819
460 503
419 527
475 46
265 149
662 374
674 43
289 15
186 753
498 191
836 363
341 851
454 722
458 529
777 342
886 753
869 493
123 135
547 617
507 36
53 240
321 882
963 761
251 59
604 765
790 890
60 515
1 939
700 595
276 695
668 241
249 447
583 998
718 995
773 794
722 946
190 740
949 821
210 826
720 952
514 525
787 515
972 634
65 735
8 204
305 808
676 265
300 997
600 227
502 455
729 385
455 951
771 708
699 326
876 941
574 269
999 395
753 800
988 184
515 312
336 575
653 410
582 256
162 343
279 997
55 384
77 328
908 833
581 968
12 501
788 374
591 355
243 17
850 987
7 178
580 240
231 592
824 578
806 886
279 609
871 512
432 991
683 278
717 107
55 580
820 852
124 105
345 364
518 503
261 86
731 288
769 515
169 975
479 46
763 581
95 990
223 21
460 329
647 951
887 82
942 556
86 358
899 795
203 390
41 39
848 945
193 364
835 717
925 78
114 934
44 785
390 813
305 763
503 760
35 558
736 673
991 327
204 699
387 493
10 784
357 679
563 68
748 440
706 959
885 113
151 269
192 194
945 260
709 291
802 647
306 374
784 642
647 682
491 830
218 922
554 528
596 107
157 737
565 196
435 663
809 486
850 266
79 204
272 129
859 632
658 645
279 655
653 446
31 510
750 898
641 350
291 325
945 960
379 524
805 964
290 23
809 635
262 81
543 480
391 887
431 826
358 750
879 440
189 884
991 937
320 973
727 244
12 767
509 739
293 950
720 917
137 808
405 536
257 137
548 29
432 586
74 807
953 24
593 311
595 719
601 526
798 976
458 553
755 277
831 104
742 573
285 852
380 453
123 32
277 981
304 925
263 914
783 235
631 517
492 30
402 306
494 564
98 229
575 373
948 345
131 129
939 630
407 52
342 619
843 146
40 197
717 693
888 521
444 63
887 709
491 252
808 202
809 151
341 47
605 293
974 618
421 682
595 371
614 573
232 779
214 943
657 931
899 307
774 717
810 666
797 868
83 52
40 257
633 134
379 714
710 770
548 121
434 521
607 670
845 916
324 104
992 466
444 833
11 110
739 88
732 492
769 30
845 779
189 807
669 509
462 357
470 816
401 735
717 465
148 60
242 947
793 257
669 366
86 768
509 647
510 672
479 819
318 503
691 891
301 763
267 567
968 904
825 1
113 823
664 385
133 962
48 678
602 213
735 403
612 430
351 410
407 404
872 696
13 573
820 179
17 698
398 73
882 980
616 184
389 778
228 294
51 359
476 744
22 676
958 298
668 238
156 954
431 112
566 757
805 259
240 235
369 969
80 388
691 420
838 725
198 180
184 418
863 162
641 186
339 894
62 384
2 599
144 880
1 665
166 417
403 930
785 249
515 912
329 133
644 820
519 840
745 781
597 884
600 8
356 902
615 433
164 81
531 379
921 378
870 951
148 861
500 120
616 929
818 165
164 648
628 380
535 965
286 358
294 196
804 231
272 400
954 212
37 656
956 426
63 912
500 798
653 454
819 994
935 426
534 331
519 413
336 370
941 459
945 776
324 467
627 218
741 491
521 713
674 441
877 606
570 6
829 795
439 595
542 224
102 683
91 134
256 369
26 135
901 271
115 268
479 791
86 927
693 237
403 243
972 916
773 325
299 450
618 556
990 560
203 814
369 58
497 461
958 82
835 293
820 151
713 961
678 861
860 656
19 176
772 110
497 350
961 463
815 412
304 982
674 568
591 913
853 186
892 400
914 78
256 812
611 488
140 394
985 227
839 8
236 99
678 142
593 934
117 480
463 788
658 218
974 640
294 534
499 544
301 298
965 835
453 127
700 400
317 960
357 531
728 985
801 787
306 339
257 829
150 32
353 916
979 72
638 463
585 193
236 551
866 746
153 109
409 27
343 678
561 607
510 173
721 530
856 921
831 733
564 330
799 115
231 877
387 763
185 941
149 74
43 443
863 723
797 590
559 531
563 596
345 695
879 310
951 197
2 700
115 93
667 690
872 672
580 241
46 557
949 804
712 664
275 269
385 349
370 181
371 884
101 35
930 51
141 952
471 401
132 529
59 531
578 609
291 23
843 591
128 360
260 381
484 915
843 732
399 74
204 18
726 139
413 314
412 126
789 591
994 563
282 759
138 627
714 722
52 29
785 394
473 64
632 779
339 619
160 118
436 372
347 728
4 47
633 595
481 718
282 905
579 917
341 426
844 311
666 563
830 870
62 460
123 750
5 532
743 400
583 235
490 310
507 764
970 252
849 901
776 269
227 749
672 366
625 769
71 420
28 633
693 941
620 131
533 532
934 637
116 418
857 576
328 146
813 405
724 784
983 549
585 78
552 385
419 138
148 340
442 105
996 688
466 863
813 823
581 26
874 20
784 308
254 242
189 253
684 277
997 810
175 830
380 828
676 881
402 570
295 261
354 835
940 62
724 613
558 687
290 624
681 878
632 252
93 668
198 995
111 146
884 402
833 640
817 495
160 982
345 478
555 191
973 228
955 633
777 841
140 598
526 588
428 543
717 768
271 115
405 761
461 277
564 310
468 643
592 566
517 152
241 63
901 121
649 16
651 590
247 225
32 510
74 617
237 459
882 768
740 422
963 577
360 554
143 331
203 468
728 341
468 976
51 40
566 665
688 808
60 298
120 517
192 914
445 480
875 375
602 677
144 789
623 713
368 243
340 121
458 81
987 974
126 398
531 464
1 557
537 915
316 482
961 408
716 516
980 73
44 794
14 617
309 871
999 236
344 922
477 910
633 20
323 740
585 153
162 698
839 532
715 522
771 780
775 812
499 423
141 92
58 490
168 614
520 667
465 420
708 352
909 567
163 173
79 449
274 575
764 591
67 265
964 25
233 17
819 822
828 250
200 166
518 542
703 700
464 235
85 757
11 254
565 699
894 297
916 75
703 781
979 557
157 185
324 670
72 335
884 481
769 263
859 176
575 212
868 930
651 652
39 93
510 899
811 140
874 437
82 890
195 681
808 732
346 775
591 783
779 236
228 295
362 353
270 4
570 534
844 409
902 569
62 170
998 918
655 403
986 966
626 289
688 836
191 659
268 684
986 617
917 809
118 124
299 818
47 48
692 827
677 169
515 770
883 892
355 491
253 588
696 429
1 521
218 817
971 801
188 217
952 459
942 438
780 309
726 601
142 90
918 431
760 463
67 937
709 506
680 240
718 584
75 710
879 949
126 482
512 985
214 966
442 190
261 666
395 76
586 809
932 317
491 551
737 195
611 758
560 836
617 885
48 168
780 889
339 411
803 40
146 861
862 965
423 267
998 133
512 662
163 982
592 580
59 665
831 495
137 759
290 463
312 363
920 106
295 162
579 495
263 384
837 555
908 150
851 643
693 236
786 958
18 468
720 198
668 446
688 292
998 705
584 661
825 141
863 717
755 460
721 300
924 839
69 840
125 732
56 61
740 495
815 415
584 627
839 485
808 583
401 151
809 786
226 996
435 831
455 365
544 48
728 269
858 496
339 586
792 830
614 777
316 68
107 201
330 120
519 798
266 704
619 818
702 944
533 654
987 480
681 411
222 821
11 668
503 820
179 994
326 791
777 421
874 287
384 441
39 737
71 94
478 765
490 151
185 579
183 88
385 1
194 691
771 966
469 153
710 843
803 119
509 10
880 610
627 580
683 996
372 262
638 57
322 766
567 103
660 443
642 858
663 560
104 715
357 39
949 803
811 616
664 173
777 626
261 289
603 416
140 469
825 862
625 908
592 703
385 987
111 905
461 346
137 380
85 542
621 572
894 442
713 561
678 525
950 294
552 881
493 201
897 591
314 237
9 186
47 598
928 448
234 743
364 698
290 693
509 575
203 892
518 501
978 180
481 882
534 379
944 182
119 160
32 356
437 691
555 112
853 46
942 848
925 625
251 217
587 675
645 15
207 690
959 867
799 990
431 442
217 74
22 906
536 978
703 366
248 688
504 538
47 138
912 513
820 668
716 235
992 654
368 121
791 795
499 993
26 403
463 890
355 325
174 779
800 182
658 172
625 167
273 202
713 255
593 897
335 316
687 75
269 926
640 862
165 861
918 373
576 860
190 491
649 512
987 942
433 18
714 230
329 92
681 503
684 978
442 421
650 846
903 624
961 903
275 985
512 867
92 293
370 643
268 184
641 690
145 579
954 427
58 356
817 358
410 345
614 192
185 968
314 44
723 328
963 345
211 668
840 236
750 627
129 145
466 946
417 158
806 656
219 22
108 220
812 1
714 538
538 529
635 516
358 974
642 755
266 737
283 261
302 813
858 101
517 886
664 470
95 798
170 99
377 605
583 757
730 91
554 269
384 525
26 674
139 392
47 840
109 255
971 236
294 915
88 336
834 188
673 378
680 586
436 448
297 30
939 475
653 681
800 99
446 825
847 599
93 193
434 828
559 195
924 476
286 829
412 744
514 576
974 634
644 963
520 241
687 111
145 722
362 478
188 54
117 72
11 599
818 93
1000 776
287 290
658 946
788 773
554 611
47 526
96 762
524 783
27 737
376 445
339 51
175 409
268 205
144 67
552 64
883 558
844 792
594 967
997 538
338 137
201 135
163 495
501 717
750 813
822 334
292 953
612 822
906 701
966 553
309 730
332 589
641 41
346 337
584 13
879 478
807 333
299 58
906 110
234 666
347 214
475 797
186 728
741 42
800 596
233 707
806 414
333 296
940 464
753 442
526 553
13 682
483 20
341 158
125 567
865 796
149 973
247 196
626 463
620 927
649 156
523 695
857 33
394 865
269 371
143 686
91 745
809 838
402 276
991 106
687 813
653 717
17 107
457 380
735 81
842 468
45 541
529 464
749 309
127 225
58 984
633 868
781 250
801 371
292 25
455 575
562 491
859 651
899 851
400 938
249 509
40 449
810 749
758 815
487 395
788 645
456 401
295 648
394 836
610 464
712 674
96 221
879 574
510 183
353 872
444 603
694 353
770 433
747 507
537 426
956 420
7 35
983 861
234 204
607 781
721 726
105 57
177 356
34 231
860 191
49 51
103 442
521 719
807 759
241 442
25 905
635 598
68 873
497 225
738 929
831 204
851 642
588 503
96 737
116 748
359 844
621 377
582 897
104 694
44 36
336 133
56 62
646 509
325 622
398 218
91 580
862 221
331 213
373 882
800 60
618 863
126 530
95 133
404 205
728 270
982 647
674 716
838 836
806 936
476 492
69 395
383 111
729 277
825 131
895 128
992 993
576 224
459 548
616 737
161 222
819 260
907 713
273 408
992 848
795 319
568 783
224 185
956 362
541 960
301 91
822 206
443 246
318 998
836 871
999 277
181 438
272 510
480 532
239 352
578 810
395 504
713 583
920 169
244 377
427 939
500 739
798 334
893 84
876 774
116 947
393 888
565 754
513 95
237 929
309 52
384 917
172 269
191 48
416 294
548 631
110 64
755 141
264 890
599 4
582 850
128 281
147 39
384 691
319 813
332 424
20 163
35 338
593 341
21 804
218 94
464 655
84 424
212 741
583 822
108 342
991 29
833 151
622 795
532 519
769 851
668 71
799 767
14 369
127 296
990 110
60 247
334 978
946 240
641 870
126 400
221 420
684 828
991 320
444 133
551 951
197 459
684 979
772 725
690 124
892 890
306 373
188 881
154 129
410 311
990 426
24 685
961 672
46 258
514 718
766 397
659 981
883 371
780 418
564 343
571 264
201 452
774 401
958 754
480 285
614 80
923 669
67 303
954 125
992 440
665 454
478 907
30 48
755 75
172 865
870 264
681 170
519 133
105 275
346 813
470 245
843 621
110 92
649 103
407 451
959 790
308 71
865 902
208 947
778 355
998 654
530 384
342 162
754 98
901 103
824 12
769 925
316 952
498 567
317 465
431 285
87 715
1 912
666 994
443 460
577 197
32 222
179 97
827 669
256 790
528 542
981 156
529 491
492 134
179 831
625 467
643 140
540 284
724 481
466 305
516 277
724 80
953 818
139 981
370 676
426 850
911 83
737 52
784 280
690 526
245 725
157 627
379 719
45 131
179 763
543 163
876 680
625 1000
20 812
262 161
764 585
347 11
719 787
29 859
823 881
203 584
647 801
985 73
870 308
572 756
964 313
487 892
346 112
972 796
111 176
739 763
756 699
372 652
229 773
272 898
756 554
731 504
537 62
160 867
948 288
787 446
119 107
679 197
388 34
122 812
344 286
436 310
342 532
442 951
999 920
302 312
526 251
885 561
881 154
619 554
70 870
846 126
75 188
520 31
706 374
49 601
400 141
297 283
117 442
140 199
782 818
611 828
886 486
766 664
434 887
952 648
862 399
420 422
639 443
957 649
193 740
113 426
876 351
144 416
222 633
707 731
637 518
467 232
163 109
127 804
609 45
44 280
814 972
466 198
693 645
710 877
749 777
36 372
276 315
405 153
528 228
453 621
771 520
154 522
713 313
676 651
272 689
149 277
63 883
979 602
204 267
998 485
786 557
989 766
702 489
133 914
506 670
74 890
451 700
312 75
475 745
593 78
355 760
214 54
997 437
375 481
213 390
344 331
161 299
473 105
181 856
26 667
152 594
265 341
821 507
624 642
625 95
94 298
919 463
167 426
544 451
791 753
98 168
339 686
640 965
978 939
705 225
553 53
37 236
421 269
374 359
784 783
715 281
349 59
478 449
232 823
67 903
174 169
656 216
911 238
720 939
737 3
629 21
847 66
63 723
780 57
659 952
253 801
609 73
115 768
520 710
345 779
463 434
275 345
989 286
371 91
245 574
853 831
292 577
741 318
614 4
559 909
267 773
824 582
181 343
977 472
375 897
177 528
159 384
669 720
589 203
875 937
256 630
160 973
312 248
898 643
223 482
243 416
673 129
379 160
15 502
254 736
972 955
519 81
43 905
257 232
122 898
657 661
584 691
40 269
133 168
545 56
263 789
13 578
930 498
787 103
471 982
679 141
276 736
283 196
986 781
577 248
167 474
435 174
109 827
477 823
134 812
844 641
442 577
773 651
172 35
589 588
145 406
678 312
112 207
848 723
338 385
926 774
892 772
865 368
117 227
409 218
53 415
196 758
610 256
490 471
571 228
1 480
11 779
590 589
978 467
559 722
712 763
935 899
584 958
245 609
690 302
249 614
45 245
239 135
206 116
964 32
163 771
992 441
343 26
594 474
57 373
920 53
298 649
150 766
172 866
319 29
608 111
124 427
655 683
896 46
290 501
717 442
20 222
773 377
924 628
377 769
581 603
17 944
470 10
613 74
869 464
997 235
30 354
180 395
777 223
852 645
218 373
646 299
99 426
781 528
782 283
626 425
147 800
522 764
730 420
148 84
548 355
456 812
164 613
346 576
437 951
208 609
505 225
458 233
705 56
528 543
938 686
942 302
924 333
728 118
198 110
662 697
596 181
987 933
429 186
981 509
106 985
883 643
719 297
277 262
837 222
231 67
359 142
70 199
475 437
124 368
64 364
652 165
675 284
223 513
884 910
560 972
432 95
568 795
509 95
310 400
224 977
742 439
689 57
908 285
214 764
271 623
509 48
479 648
340 798
489 444
510 458
315 744
392 434
731 160
253 444
592 746
464 125
228 238
689 372
416 496
220 602
95 606
811 153
302 988
184 68
360 77
96 619
579 18
604 615
229 998
473 12
535 916
437 745
757 740
80 346
388 35
739 364
265 312
564 132
602 499
198 398
971 138
362 348
611 496
776 27
425 947
99 164
728 308
914 249
255 297
844 378
296 160
369 606
135 665
179 237
198 59
169 622
255 446
737 683
539 157
317 839
47 418
433 330
957 279
409 225
118 797
948 718
787 712
917 633
317 553
451 523
418 704
20 636
860 872
426 823
609 44
721 554
975 469
228 590
210 49
470 519
487 735
14 789
201 306
132 884
150 469
79 305
335 987
999 320
660 418
842 525
880 712
875 591
149 518
850 899
262 29
160 563
510 942
345 633
732 355
146 634
366 161
352 110
182 296
548 605
396 802
551 878
94 751
39 90
629 662
57 815
708 795
121 935
470 50
532 41
589 8
774 620
21 556
982 217
360 824
834 960
764 385
264 759
772 286
167 468
170 456
192 640
787 187
809 791
61 930
118 293
32 168
216 181
530 777
647 876
18 194
835 724
51 101
536 663
852 881
356 832
585 538
899 192
774 988
810 429
424 224
886 80
340 444
886 681
365 671
607 757
83 751
666 851
84 808
141 415
423 883
621 104
390 646
762 439
417 548
783 897
572 948
519 735
685 243
139 19
267 38
824 873
842 478
850 69
319 282
304 33
803 457
641 486
915 515
2 696
168 688
759 792
686 406
983 208
219 315
57 344
989 575
370 177
578 970
86 733
73 966
77 54
848 993
902 41
543 297
621 569
879 129
665 699
260 377
398 491
272 971
937 539
167 154
959 142
636 9
485 563
638 587
548 855
716 433
536 823
609 839
647 541
997 424
928 161
523 862
611 298
484 296
226 788
578 33
22 608
60 403
598 151
268 736
201 707
843 28
252 950
522 571
743 575
608 538
647 962
498 419
892 551
394 950
969 710
640 930
58 815
37 14
368 203
503 557
558 624
524 512
122 438
749 763
291 959
793 545
26 176
689 592
598 480
254 314
572 139
287 495
837 249
412 980
783 711
55 172
990 281
444 485
528 496
567 817
254 20
789 503
889 859
909 958
992 92
6 914
34 331
842 498
816 153
998 241
410 582
529 516
767 956
988 959
293 863
220 337
37 805
350 366
854 528
505 813
380 983
312 439
510 574
239 872
544 866
11 295
214 290
986 315
343 138
272 777
293 945
755 250
332 153
483 287
858 241
234 695
271 974
313 188
777 845
664 103
873 788
215 829
990 637
111 380
39 499
756 583
803 910
75 295
609 867
829 658
718 661
762 631
63 334
69 781
765 608
75 436
593 695
207 659
448 354
969 896
507 961
844 448
827 765
791 715
499 849
725 67
711 112
218 519
235 212
244 571
192 918
1 444
507 559
882 625
45 583
909 30
268 490
197 284
442 469
683 753
886 408
545 752
287 303
628 583
316 365
762 269
447 981
954 669
732 933
988 351
872 800
524 921
192 338
839 528
606 805
845 713
202 727
439 134
405 18
323 889
568 796
475 338
918 848
460 131
915 714
421 401
217 289
599 650
926 334
90 950
346 348
347 13
793 155
210 511
266 61
876 840
497 873
447 79
699 958
556 989
357 350
930 230
664 390
795 684
759 663
389 83
925 33
697 66
740 96
579 162
35 960
48 88
91 972
743 997
155 299
568 64
513 577
471 921
256 726
338 770
579 960
716 223
661 810
905 376
725 103
999 584
210 44
804 586
645 358
174 838
207 701
861 920
387 956
754 234
975 124
64 60
407 964
744 967
680 982
648 308
886 484
135 958
942 442
250 394
913 848
358 401
25 304
832 928
481 182
944 554
173 152
249 850
179 571
672 217
576 421
962 898
852 274
376 75
662 23
615 77
194 683
249 684
893 875
784 225
987 490
810 222
453 474
594 200
775 925
797 613
409 860
15 984
881 828
788 344
370 315
19 354
81 180
318 555
814 684
104 723
414 94
384 29
917 173
702 653
63 5
146 237
772 987
518 227
432 952
72 367
847 919
397 454
522 113
217 807
380 181
346 965
864 522
846 910
99 263
815 581
341 206
329 782
699 696
351 485
812 633
27 467
962 10
947 738
105 523
489 868
760 950
91 552
130 984
682 157
702 88
485 752
493 805
459 925
961 115
621 41
635 501
397 48
48 503
295 203
154 359
156 697
359 354
715 394
24 775
244 994
649 1000
796 841
352 259
704 40
687 145
49 293
321 536
522 294
88 317
910 988
182 475
862 361
331 739
465 693
562 29
69 59
953 872
516 638
480 933
358 11
286 308
508 636
336 434
633 321
7 394
275 359
428 93
531 588
888 484
657 125
680 270
318 628
245 572
817 139
529 543
785 693
849 378
797 762
618 73
410 658
582 548
594 702
503 119
441 248
426 364
501 936
854 612
424 837
77 53
43 237
82 653
565 864
432 932
164 911
665 698
138 190
66 441
436 978
722 506
350 993
385 739
924 816
660 874
80 148
726 255
684 751
311 895
994 703
721 413
761 664
887 40
464 642
553 740
751 521
683 857
297 38
977 580
969 628
623 579
442 732
216 1
815 2
217 252
378 394
148 797
683 660
575 898
526 322
288 636
606 44
439 415
331 574
987 647
404 997
243 554
780 72
179 627
328 151
37 625
131 756
957 544
410 421
763 881
488 605
452 56
564 985
513 365
271 533
907 53
581 918
659 692
346 377
124 723
536 297
366 651
775 122
209 503
310 839
955 414
632 257
843 861
357 424
33 482
198 996
894 641
864 980
8 544
89 169
216 643
158 298
281 965
347 383
55 934
702 423
742 932
122 565
513 858
203 796
658 338
782 459
584 721
323 391
535 882
347 541
590 459
83 819
394 742
298 167
701 471
122 134
520 370
622 843
986 879
881 243
187 974
566 658
868 162
937 50
847 595
10 988
572 862
285 658
731 974
37 209
3 461
424 42
785 23
74 86
296 996
943 834
529 10
411 419
753 628
854 816
554 623
352 459
558 879
338 242
67 944
451 529
399 785
36 125
579 159
884 793
600 336
628 358
119 877
158 827
361 461
149 28
188 630
375 692
837 399
766 63
757 593
533 134
963 373
595 181
484 284
345 754
254 866
129 241
888 138
793 154
100 332
986 365
500 848
646 673
152 445
996 262
837 562
327 740
38 921
976 218
647 305
150 779
302 994
470 20
161 556
167 204
264 821
838 771
983 366
436 19
165 507
661 486
697 238
887 242
503 197
968 71
273 842
971 319
810 115
846 589
726 39
854 104
640 734
576 732
534 298
835 621
93 551
913 135
342 943
554 15
810 149
958 357
19 981
943 403
377 456
50 286
341 365
627 461
476 516
630 173
761 434
942 729
718 24
736 752
537 961
899 230
258 226
828 1000
762 76
778 809
530 793
515 918
795 422
154 34
157 897
437 888
292 148
79 108
871 448
33 780
35 202
775 766
561 310
512 990
694 458
210 428
701 754
28 860
270 877
732 168
219 775
359 443
299 52
141 684
935 730
257 407
685 943
577 814
780 965
177 664
34 227
931 371
920 192
81 196
246 920
101 9
659 605
343 220
493 335
186 265
388 973
850 784
622 340
589 181
972 771
829 902
184 766
817 554
929 80
418 471
419 786
902 877
725 710
655 175
656 775
768 321
878 28
330 606
522 848
83 890
708 571
677 564
24 952
713 556
800 622
908 712
29 273
565 207
613 32
206 718
283 106
958 257
123 728
969 552
683 538
278 274
524 542
192 991
815 105
416 156
325 797
625 271
476 415
404 748
593 809
282 192
728 48
947 206
732 584
490 367
828 91
176 722
191 993
58 730
371 401
987 555
219 581
992 195
934 730
172 309
500 90
62 993
746 862
876 461
418 853
534 15
921 122
319 439
799 121
713 248
958 153
760 61
101 331
249 568
664 316
508 527
988 981
153 531
662 274
903 731
543 501
86 608
578 350
868 690
232 148
285 438
233 893
489 267
971 699
661 203
622 779
593 141
920 75
302 939
105 315
68 841
310 278
333 283
691 953
289 157
843 722
350 998
721 363
928 308
535 895
43 795
542 371
485 642
415 831
198 581
270 86
53 334
25 19
441 548
155 274
431 65
839 452
911 971
914 29
678 962
863 450
97 551
613 535
591 727
28 179
196 829
303 123
584 995
35 761
56 316
772 18
477 820
244 545
43 598
282 770
434 73
878 628
148 943
407 926
53 770
611 232
690 233
521 752
586 470
399 911
770 817
921 395
225 22
597 281
157 841
874 493
33 859
452 795
257 787
296 807
776 529
870 881
943 911
625 742
476 48
149 918
477 361
978 462
7 344
858 776
875 858
52 866
590 707
352 253
609 840
559 588
926 705
910 549
268 720
684 275
977 287
906 789
889 955
543 88
379 517
702 763
64 975
499 847
177 672
915 910
3 892
119 460
851 268
928 515
752 967
345 439
920 935
355 714
651 777
391 530
693 190
308 220
760 533
430 649
627 952
809 546
807 27
943 409
59 896
947 684
621 317
697 405
551 22
844 28
555 83
647 515
271 287
591 934
152 909
49 855
854 188
895 512
217 169
327 212
256 891
903 911
208 612
305 574
235 829
182 836
574 190
866 142
688 813
765 817
568 371
967 405
164 326
257 556
40 204
458 103
445 363
675 594
857 795
734 51
511 254
731 973
739 347
79 794
374 674
196 582
89 562
698 640
611 917
426 975
944 777
960 139
706 931
376 450
13 265
304 680
617 609
619 31
31 165
840 842
571 336
112 603
558 78
875 838
70 484
953 528
612 819
449 817
211 718
177 482
107 609
828 583
813 149
997 840
634 914
466 768
512 640
882 440
811 853
831 497
890 927
707 831
928 688
453 384
77 107
802 72
52 415
509 640
772 624
510 683
21 676
759 736
337 791
437 468
720 208
403 92
497 73
631 426
599 200
492 452
644 473
778 259
377 636
808 119
807 908
496 158
829 692
562 977
602 252
711 304
905 684
386 539
424 346
389 900
999 757
467 476
801 460
397 441
933 199
574 203
812 836
908 523
430 323
4 380
249 133
396 198
257 520
340 316
792 855
387 413
26 327
307 338
202 388
184 647
689 138
204 762
562 484
799 465
856 185
567 597
549 250
92 379
285 178
349 68
225 975
524 808
525 65
230 457
642 447
370 708
814 97
653 285
602 849
138 337
989 938
876 633
593 385
59 945
79 306
390 443
741 947
489 12
241 595
572 753
445 844
730 553
517 757
664 855
234 880
719 755
450 272
713 398
55 715
114 133
21 343
95 46
337 994
410 862
603 459
483 12
919 775
646 69
684 136
33 26
532 52
147 14
706 975
833 499
190 80
502 710
19 72
256 406
920 701
830 384
119 75
964 590
932 691
221 919
352 874
118 471
213 115
622 913
345 22
80 456
868 305
434 211
19 407
728 275
470 762
944 271
804 616
168 387
938 722
395 597
292 427
849 914
386 944
353 195
80 645
742 413
356 978
322 734
218 799
295 837
757 170
244 787
151 481
745 722
762 208
799 437
840 570
315 809
128 662
1 408
537 766
649 712
49 436
657 309
343 718
344 600
435 643
239 393
885 135
542 760
68 359
362 68
149 994
353 655
262 323
659 813
418 965
550 794
435 58
3 613
291 664
197 935
146 955
632 897
774 313
636 584
196 225
15 687
563 13
357 434
373 356
493 306
424 839
977 669
254 661
493 195
483 373
692 359
363 731
289 156
359 820
632 564
284 401
801 57
124 208
289 269
255 942
916 734
523 532
281 929
47 946
470 319
496 166
494 433
984 862
49 810
730 355
568 122
515 533
496 473
244 691
868 469
140 470
880 395
207 389
900 488
650 436
463 832
415 749
532 755
459 665
481 417
552 583
735 805
349 234
499 517
118 809
841 274
607 383
519 905
649 667
814 191
616 706
837 230
823 311
715 662
882 271
520 904
353 969
562 63
926 548
505 758
215 47
400 774
619 451
33 932
569 858
714 341
953 763
37 704
850 149
353 683
483 836
221 324
980 496
712 846
570 372
606 622
366 915
239 131
775 999
656 373
909 18
216 871
505 818
59 460
407 140
370 208
232 205
768 125
419 719
242 22
212 834
401 533
925 215
34 893
406 977
523 419
542 477
124 244
204 514
761 713
632 703
924 133
856 755
673 387
387 287
933 849
928 126
40 512
256 717
442 924
648 223
522 760
636 782
852 73
420 971
204 866
852 982
100 595
174 702
1000 705
46 878
71 210
457 330
666 542
154 27
943 110
676 159
30 845
161 930
644 969
938 682
667 120
873 815
800 327
64 458
680 908
125 384
352 461
940 582
79 906
143 63
524 773
999 229
177 182
417 647
152 701
310 330
655 846
131 837
704 129
686 17
444 388
597 698
780 110
475 711
729 626
803 215
126 226
131 722
443 196
372 166
15 848
490 233
219 829
112 683
132 924
745 341
893 821
784 279
660 394
104 762
251 637
470 985
55 369
436 840
57 405
424 880
557 288
944 171
871 576
861 17
898 724
647 307
138 833
716 278
596 972
522 43
816 708
708 946
632 689
440 216
759 257
137 152
749 235
18 141
865 790
648 174
762 662
908 486
783 166
821 799
165 219
590 671
223 85
691 319
576 655
87 746
471 779
679 294
28 244
50 284
982 381
14 387
18 830
37 98
865 609
406 313
101 959
183 649
257 446
889 468
191 894
273 293
224 437
690 174
636 726
340 267
602 466
115 199
22 107
978 373
474 676
362 222
288 789
145 636
315 76
500 64
192 433
35 793
205 661
405 51
779 330
819 637
126 105
665 103
12 458
71 937
775 47
801 347
836 47
327 932
721 857
744 390
216 863
267 877
380 978
362 549
328 877
129 844
95 553
189 692
232 201
217 699
807 252
366 20
742 915
733 756
682 870
77 880
995 501
190 81
599 239
674 770
603 232
986 16
513 640
346 883
772 651
755 469
721 293
152 552
905 46
985 344
678 853
847 591
792 504
61 845
208 783
66 899
446 281
237 396
130 582
368 453
151 828
528 957
655 508
749 497
937 255
611 16
443 610
481 299
578 251
463 879
320 151
653 747
765 775
415 520
92 907
516 37
41 67
459 764
558 600
117 488
778 888
325 795
17 218
961 771
836 681
943 151
189 849
73 195
705 248
892 803
353 51
541 696
926 958
191 995
72 901
70 240
190 608
224 646
944 713
525 100
620 806
268 147
383 728
884 851
97 423
400 682
145 417
910 916
789 177
813 75
29 764
729 836
215 209
197 934
533 188
279 832
675 135
197 567
181 338
740 982
43 337
566 47
589 198
77 983
132 537
370 60
851 567
525 778
441 991
996 175
618 761
468 512
341 894
413 385
34 854
950 680
57 175
683 47
976 51
316 588
595 683
495 359
618 520
801 56
299 134
458 397
47 957
605 995
795 951
562 918
725 314
212 739
35 874
930 638
625 126
340 270
904 29
246 454
377 277
415 607
752 327
900 489
169 498
572 177
649 952
407 920
155 163
586 15
930 947
5 941
411 458
148 655
117 238
500 154
547 451
459 213
22 19
384 412
495 790
816 447
657 341
945 29
586 793
126 86
292 908
808 829
208 378
573 638
230 592
600 516
195 232
146 924
517 699
404 36
188 691
119 601
409 650
194 944
746 229
730 750
548 435
876 864
327 620
111 53
840 467
318 888
854 647
705 817
660 68
953 182
293 957
721 50
691 870
270 359
18 388
419 863
204 479
591 541
260 345
45 59
919 361
825 93
972 980
275 124
494 368
649 399
962 222
858 31
914 719
661 560
388 52
937 975
711 334
87 592
696 951
454 829
146 2
735 324
995 235
471 870
476 652
717 586
477 741
795 768
423 707
778 990
201 739
843 60
202 633
451 871
822 874
515 814
747 347
135 705
293 498
302 210
943 454
412 534
514 458
878 897
847 370
919 65
80 846
391 488
943 847
197 425
628 579
888 752
26 3
581 307
362 251
664 641
58 656
554 765
296 773
940 726
597 697
504 104
885 505
582 342
7 402
941 60
391 31
185 783
694 316
430 963
658 734
343 454
295 451
315 257
637 350
570 265
110 454
51 231
281 258
210 360
361 236
827 283
349 595
911 427
345 608
660 523
495 494
522 246
206 887
707 206
945 709
394 325
415 597
229 783
660 975
879 197
5 254
426 69
835 163
592 294
983 363
234 806
143 96
146 324
203 829
186 965
873 901
530 478
344 373
274 32
991 189
869 721
844 401
351 163
887 493
530 128
353 475
407 226
364 189
791 856
689 690
706 368
283 417
321 790
658 239
550 417
952 944
421 275
648 425
279 918
832 53
945 490
876 198
509 427
258 3
187 427
373 332
391 349
228 740
889 166
11 854
47 495
185 559
704 285
409 951
599 580
176 998
97 356
980 843
533 410
715 780
699 131
385 223
812 162
888 200
281 286
64 922
449 908
417 238
611 224
920 195
650 468
337 87
998 268
289 916
896 124
932 618
115 358
670 34
341 1000
694 932
971 609
108 193
43 18
726 501
138 866
915 166
988 560
119 212
33 137
398 387
492 298
807 989
392 120
212 601
433 860
878 402
455 71
169 874
332 274
523 635
215 863
868 307
192 820
975 261
902 176
611 19
815 133
123 733
397 44
101 978
230 574
729 237
69 372
987 913
415 664
221 345
738 101
829 154
188 6
596 379
546 912
749 675
504 709
39 40
75 956
230 280
212 243
178 447
107 495
714 93
608 712
81 712
908 109
529 864
912 104
793 795
701 674
813 424
46 489
289 628
510 50
292 873
154 854
324 26
343 302
475 158
662 166
21 38
497 47
796 701
267 170
840 248
569 542
197 933
401 892
486 118
703 623
831 442
499 133
779 87
231 586
63 488
345 232
525 952
103 652
5 815
694 17
994 887
394 519
372 595
894 148
103 797
161 126
215 935
20 183
564 436
346 933
703 189
661 426
185 481
868 98
544 680
63 448
356 350
214 84
931 945
221 840
332 423
868 241
27 435
246 293
387 636
939 358
502 962
313 615
820 402
986 902
772 29
477 817
614 850
208 522
697 340
269 5
108 115
36 784
2 384
946 235
620 470
947 190
993 332
496 356
614 700
407 776
869 534
646 530
934 539
918 508
451 569
793 838
241 760
667 813
120 942
780 68
504 77
527 713
680 176
555 972
936 858
518 696
687 407
619 453
298 574
513 496
245 619
653 436
50 587
181 403
182 116
537 107
369 450
998 234
727 424
966 596
863 824
42 602
501 999
765 70
638 940
710 585
347 85
721 928
793 307
135 356
552 728
608 382
493 276
811 179
707 98
284 721
910 517
894 532
848 444
674 314
329 889
185 509
756 588
961 364
891 239
401 309
920 759
265 262
354 837
269 502
203 126
647 909
762 739
445 21
839 421
625 25
53 464
496 478
930 803
448 60
874 776
981 52
784 528
268 641
820 374
808 406
438 753
882 539
602 725
973 688
406 275
62 401
400 152
687 119
835 800
710 188
772 256
648 285
244 806
889 431
504 139
576 47
867 480
269 668
972 650
560 627
561 270
870 784
887 914
987 532
549 293
515 237
188 83
270 917
254 132
92 39
448 751
31 452
471 157
423 286
283 321
581 886
820 722
68 95
509 955
50 927
557 141
765 106
224 676
653 978
615 488
323 184
659 434
866 143
399 247
826 321
111 185
938 391
713 753
113 813
956 104
333 288
872 46
911 249
664 314
424 575
497 479
575 44
902 788
744 104
17 688
199 200
932 164
959 850
731 659
822 11
203 26
741 127
895 40
316 859
282 935
249 424
469 179
52 845
200 984
221 594
959 560
668 628
718 917
460 913
169 440
758 490
934 198
396 193
821 672
516 210
135 548
852 202
912 367
514 431
472 278
2 251
404 699
188 210
999 186
87 376
913 843
805 845
365 838
685 487
80 954
413 676
236 565
55 147
244 216
444 426
11 841
729 588
328 211
581 418
904 322
603 512
31 43
236 987
384 244
847 149
462 429
859 811
589 510
284 964
86 600
140 608
881 896
219 57
148 107
615 447
147 309
331 894
65 588
345 492
320 702
281 680
356 212
671 415
82 846
510 853
646 203
812 743
603 234
302 229
933 565
973 308
612 116
971 345
445 891
707 344
433 851
450 979
331 94
416 111
18 239
224 116
61 843
521 109
407 144
304 863
194 351
88 966
35 705
515 587
922 587
484 688
652 551
468 128
680 808
735 962
421 310
465 910
581 488
430 60
362 286
932 134
553 79
801 457
538 317
20 840
297 393
540 323
433 249
876 299
952 683
477 144
482 518
232 845
675 333
487 283
1 270
404 957
499 505
227 806
671 793
70 400
974 842
618 144
818 462
785 543
436 637
629 816
250 305
280 993
262 209
693 531
819 968
869 590
253 28
911 770
129 140
776 949
816 66
301 902
51 975
805 703
722 148
172 885
724 698
17 828
513 87
226 242
459 483
556 19
793 249
977 98
523 218
484 54
342 444
242 64
320 448
246 536
321 375
695 617
630 690
167 144
209 410
137 69
263 765
88 533
668 266
687 542
123 45
532 297
182 821
277 966
42 221
575 501
799 961
701 319
890 901
420 894
216 49
943 486
657 825
714 954
566 651
787 842
520 79
408 809
207 475
389 618
711 27
161 923
493 550
866 64
654 137
359 445
715 429
348 690
865 280
387 470
559 20
338 376
945 416
913 898
368 70
770 781
74 142
830 729
448 887
457 698
952 365
148 632
729 842
741 903
443 76
761 57
668 676
328 156
700 172
445 441
358 40
803 141
969 149
475 332
202 524
41 650
667 586
462 122
444 705
102 45
124 621
720 684
918 825
101 768
524 160
546 488
437 169
129 232
112 864
538 836
208 367
971 714
73 539
183 707
78 292
997 50
935 508
439 749
777 998
171 19
391 526
584 504
638 655
772 559
459 284
481 804
30 357
91 841
273 44
612 358
482 326
137 97
981 864
927 654
933 973
151 896
640 60
910 471
60 478
901 240
375 343
973 734
351 222
869 925
378 88
391 296
520 107
169 67
482 138
362 436
472 396
202 29
204 579
136 739
339 988
32 948
126 436
581 416
230 342
749 618
862 411
790 212
80 991
852 405
144 444
453 206
311 32
558 227
345 938
269 748
241 841
610 306
395 90
694 402
185 898
607 643
884 4
150 448
139 81
721 737
868 528
603 709
396 983
905 871
916 238
439 979
9 398
559 834
552 532
314 299
722 348
348 122
465 205
544 748
730 883
638 856
252 243
876 981
935 480
494 48
483 289
600 943
927 461
788 134
402 841
739 624
995 474
119 242
907 528
30 321
865 954
882 120
864 723
812 659
851 975
28 772
17 695
716 503
256 573
847 879
756 976
243 703
961 504
901 506
318 175
319 754
910 435
531 58
402 250
541 365
728 396
930 676
697 663
271 492
784 143
191 645
142 379
92 930
406 316
563 235
745 873
729 256
469 517
728 461
3 549
597 889
856 189
668 159
38 85
747 53
756 32
898 81
828 402
978 259
997 549
385 965
895 346
842 338
840 335
949 563
567 228
749 769
552 323
989 306
131 576
98 221
211 750
193 911
824 707
1 124
534 326
974 9
667 675
873 410
306 889
292 676
261 307
320 913
877 595
437 18
894 542
955 477
850 781
372 633
393 980
622 345
803 641
863 529
543 52
60 356
669 248
525 884
341 748
225 537
328 590
901 389
817 702
657 673
949 393
146 422
19 76
521 178
449 127
768 501
181 672
972 109
740 401
610 797
32 48
985 462
382 670
863 469
350 184
152 969
339 713
382 745
473 787
27 100
523 859
318 660
947 55
234 418
860 119
683 529
652 544
778 871
14 269
679 549
705 362
407 998
410 6
672 349
212 142
892 760
141 182
948 570
131 992
746 697
729 397
40 118
35 284
628 645
916 73
754 447
832 898
227 984
836 586
378 596
236 538
699 338
554 691
956 355
758 947
614 716
694 427
932 617
337 262
120 114
294 390
771 991
298 635
381 290
328 942
326 713
516 809
479 713
760 945
944 8
985 844
482 788
949 809
152 978
363 36
632 235
779 166
603 442
930 70
973 100
707 136
485 346
808 977
250 635
555 332
21 728
32 271
712 353
470 81
18 302
110 56
720 156
379 41
380 326
735 476
807 963
60 580
259 196
375 477
749 176
218 264
420 588
412 897
508 878
758 305
151 861
479 304
482 116
139 829
537 866
700 762
496 440
924 498
265 603
216 7
515 823
553 392
187 646
675 957
749 756
902 142
456 613
110 25
308 926
387 473
746 522
788 875
571 621
519 901
94 486
567 921
989 39
286 395
268 178
822 713
895 397
805 917
475 478
349 313
611 602
7 343
908 482
396 718
699 495
496 802
650 569
935 520
112 786
945 137
667 762
816 144
195 237
567 93
453 557
972 531
647 37
968 186
162 81
716 520
526 981
701 657
355 608
559 798
728 780
712 191
557 695
60 923
654 564
498 104
775 278
797 506
432 582
417 523
18 387
695 479
133 978
246 613
467 888
216 568
127 778
758 903
38 849
310 746
976 18
939 166
756 10
172 527
583 751
643 682
990 759
383 515
597 447
321 124
531 33
825 316
420 608
597 288
304 905
156 938
947 849
469 157
885 108
366 239
334 789
316 800
8 241
544 3
109 11
207 679
947 817
644 38
113 476
620 421
822 873
649 985
670 865
782 863
822 792
166 512
922 930
447 845
875 142
351 669
42 161
671 690
987 761
120 972
729 630
418 807
515 239
438 162
274 835
980 417
999 455
984 548
16 790
245 777
805 538
310 104
564 955
233 141
935 556
276 415
315 371
997 883
444 853
449 933
659 726
401 826
603 653
298 509
420 998
371 904
246 820
730 705
608 173
314 296
152 387
924 545
585 711
641 193
185 61
8 706
7 908
47 675
102 522
413 469
911 330
954 747
777 146
869 508
122 595
387 218
322 17
604 639
825 126
475 565
958 162
228 862
393 234
348 285
198 631
324 822
252 897
666 813
264 25
925 348
854 98
535 638
826 643
39 754
672 727
947 941
605 857
56 266
978 813
170 766
407 255
283 53
857 88
696 346
623 641
883 984
661 932
424 125
44 830
545 587
926 823
297 403
407 818
391 457
763 608
318 683
772 148
641 982
589 952
756 305
439 477
426 940
192 262
102 313
468 435
785 279
969 114
625 720
480 636
790 96
103 671
945 201
305 106
14 882
665 250
409 948
194 674
569 918
71 788
223 829
263 70
874 83
712 906
984 943
21 112
703 628
181 220
195 165
451 79
767 637
436 697
795 941
699 915
489 273
971 661
11 516
264 761
686 604
817 467
466 515
902 212
690 818
621 734
287 656
882 10
99 268
492 633
160 152
531 891
18 346
995 326
942 835
66 78
15 187
751 653
386 585
243 666
5 180
191 964
235 730
23 181
236 177
900 98
117 722
959 961
743 330
770 658
235 220
848 962
5 659
302 303
257 766
493 576
516 321
151 30
905 494
579 707
378 768
307 260
326 96
753 724
648 328
830 592
979 374
528 350
212 143
736 539
334 288
348 863
765 287
316 379
98 370
141 262
715 363
221 120
871 459
637 944
50 832
692 695
679 923
900 964
850 283
44 358
912 18
317 694
221 87
505 590
664 619
900 875
963 473
466 163
340 632
15 916
971 962
589 527
555 643
438 5
465 473
621 894
112 838
846 49
777 750
500 757
620 742
147 482
111 29
617 597
376 554
820 571
589 194
276 181
843 842
546 23
394 280
842 922
631 504
759 679
964 393
532 213
902 835
704 966
599 143
159 830
74 534
644 414
368 263
7 333
827 222
895 747
344 304
769 911
815 324
623 344
658 385
471 862
130 937
961 80
139 828
161 552
539 319
100 523
230 590
212 461
322 541
655 333
605 562
92 619
80 727
365 13
585 574
544 359
490 314
397 222
5 937
965 811
414 520
107 63
698 758
933 333
298 348
150 105
577 307
904 605
671 729
304 441
837 225
123 841
236 744
885 245
598 730
988 226
68 220
58 363
434 534
58 474
335 627
741 615
673 655
822 488
110 558
440 534
811 633
168 517
762 815
772 100
855 336
362 839
384 45
21 424
849 351
595 783
973 642
279 864
357 64
358 667
55 665
681 858
668 53
75 217
779 197
397 890
551 857
487 588
479 962
65 522
855 39
752 844
736 720
802 857
21 763
464 424
673 164
160 849
454 535
424 582
613 962
725 760
483 229
757 929
74 522
627 244
502 946
378 132
913 407
223 124
557 780
948 191
161 603
606 439
143 351
863 44
226 931
961 60
669 739
781 489
801 427
431 208
157 67
826 974
187 564
633 740
308 590
832 190
653 896
568 744
472 317
24 838
477 52
13 434
641 969
530 776
580 746
323 579
361 660
82 143
76 953
794 8
999 113
267 299
732 812
880 967
524 461
480 469
281 228
363 956
653 324
62 638
789 132
663 687
353 714
82 8
300 87
36 880
49 209
340 944
254 523
970 555
516 851
846 510
171 706
478 962
392 693
128 603
388 577
25 777
355 526
67 386
211 945
731 187
313 6
20 236
531 640
312 202
833 632
985 651
744 333
376 859
587 937
271 42
959 121
214 32
587 518
807 241
402 982
111 408
498 879
542 290
618 588
610 620
403 320
479 85
501 429
742 677
194 455
463 993
981 100
56 354
342 934
165 87
166 240
662 808
482 61
655 276
684 944
202 172
40 799
801 544
306 126
326 5
166 466
424 13
597 918
416 625
917 543
315 968
538 292
117 828
726 597
840 516
182 917
966 68
738 191
81 736
978 366
852 427
374 563
233 445
306 307
743 178
883 535
420 319
633 60
942 156
727 670
625 672
774 565
646 755
724 963
833 905
426 481
599 678
634 322
506 851
158 56
271 763
955 366
632 209
704 686
552 12
814 551
29 821
694 9
574 627
314 461
81 78
605 941
74 785
436 984
328 737
882 184
78 397
484 732
730 964
603 126
731 421
213 631
954 652
225 984
393 180
801 23
930 373
865 964
57 775
191 365
179 276
856 936
34 529
747 155
570 591
172 707
344 300
235 733
878 257
882 892
409 762
89 432
17 435
695 970
147 720
481 302
133 493
360 765
132 971
350 472
351 929
149 19
299 778
110 594
171 615
443 282
265 799
253 612
257 927
850 502
197 109
457 240
644 684
791 207
120 918
124 870
430 797
14 988
128 539
129 374
25 389
7 365
49 218
823 207
188 582
559 689
798 411
581 41
714 630
840 365
289 761
508 491
436 632
456 150
681 579
721 670
730 612
361 31
414 19
947 954
920 180
388 650
98 806
484 211
285 286
358 764
544 484
381 181
589 368
293 819
310 883
833 774
100 259
154 743
449 541
157 196
911 495
452 384
328 654
789 783
167 943
760 657
542 201
985 620
164 951
57 65
55 602
405 647
454 552
552 780
627 336
683 34
560 311
837 789
834 280
791 784
762 600
910 823
619 318
310 178
415 949
217 199
992 715
311 533
41 17
848 943
544 104
912 396
679 634
919 203
226 254
562 324
283 365
657 88
362 494
1 732
787 557
574 487
121 125
72 599
870 383
572 156
679 856
328 98
893 600
325 28
220 230
312 338
22 20
979 115
136 709
325 429
328 159
953 581
561 375
317 729
111 749
202 523
638 780
353 685
927 17
586 917
741 759
849 48
428 200
201 265
775 200
2 661
367 53
869 147
858 420
159 473
197 534
401 749
807 349
812 501
462 650
671 306
327 760
129 911
976 246
65 521
673 202
985 584
215 839
453 990
772 554
756 644
878 197
928 504
638 541
935 223
539 734
317 260
363 586
81 189
388 49
83 827
564 170
711 640
521 89
66 806
967 108
147 667
956 643
691 342
726 615
456 933
643 475
148 987
820 838
666 536
23 421
567 680
622 685
736 748
112 150
166 661
408 695
878 906
810 618
597 866
743 745
827 997
131 826
297 454
979 158
463 497
488 643
771 234
420 260
386 148
741 952
415 3
970 886
650 584
997 671
266 881
486 156
723 200
219 819
577 937
819 916
849 754
295 335
298 561
907 73
38 695
99 935
63 832
724 654
362 715
55 764
591 478
695 658
243 257
60 953
147 936
802 434
753 384
314 981
328 535
406 772
96 768
884 894
66 505
29 227
30 324
700 888
942 805
545 13
29 148
274 29
938 52
460 304
299 754
823 249
359 514
216 308
968 739
668 252
84 491
912 566
493 713
888 853
781 564
133 392
62 294
709 937
216 82
607 14
248 611
134 540
567 652
515 881
754 577
631 211
227 707
729 261
268 391
783 608
472 282
724 8
102 428
249 1000
1000 848
303 655
749 587
425 629
121 166
675 341
931 831
420 312
707 708
335 143
628 322
223 942
44 275
818 294
606 665
556 374
352 188
81 786
758 628
746 4
653 504
31 420
185 780
224 953
98 771
391 898
524 363
730 560
439 560
831 274
428 295
295 879
716 594
29 933
181 26
879 119
719 542
215 783
436 72
475 738
955 700
761 937
152 703
280 500
119 211
711 495
588 378
682 762
147 900
561 694
855 972
753 142
899 526
937 455
847 844
759 400
852 566
528 804
398 166
188 334
647 977
263 968
640 545
970 488
181 591
648 108
950 6
321 836
754 530
139 752
250 213
884 532
795 493
836 663
193 435
13 104
879 787
681 390
774 869
956 24
6 755
188 242
185 179
562 387
799 434
269 847
589 858
786 319
505 739
782 567
72 794
898 48
662 89
274 886
983 74
758 950
375 619
270 934
673 838
188 583
974 470
582 371
140 802
270 849
724 992
784 341
894 432
788 261
1 93
607 853
427 935
105 1
361 175
902 404
171 410
103 651
381 293
789 782
313 61
612 679
333 386
579 438
983 456
835 830
973 242
481 796
868 920
523 303
651 882
949 121
589 34
411 558
798 886
213 318
855 867
731 305
933 981
679 49
120 770
998 873
215 840
576 749
711 241
571 930
346 627
421 99
298 510
937 221
701 172
47 14
286 818
532 762
711 589
517 362
900 358
210 536
959 709
978 533
762 140
581 456
247 708
883 578
465 639
213 709
506 931
131 878
121 350
970 851
954 444
383 762
300 222
710 785
676 897
522 660
539 731
900 841
813 24
962 882
229 337
546 629
619 329
693 706
968 479
837 157
163 191
21 69
758 700
592 628
180 602
826 84
348 272
725 834
25 418
909 743
659 556
578 344
419 615
58 173
132 596
65 671
32 753
11 337
674 499
932 943
815 806
851 729
670 127
376 695
251 805
802 431
609 927
665 669
996 73
523 331
670 142
284 349
33 219
363 700
534 841
596 806
299 376
670 281
282 273
123 92
380 357
865 771
687 574
617 406
764 451
363 474
466 234
100 971
854 180
303 182
52 886
237 334
165 177
463 956
1000 712
32 234
217 62
44 853
640 920
516 251
369 568
1000 998
909 20
53 878
790 377
503 834
269 774
36 373
1 424
712 856
681 478
224 287
631 582
732 959
628 760
442 317
706 810
12 255
415 2
326 700
220 122
270 22
99 69
317 764
528 101
409 861
932 271
732 670
90 525
748 58
93 646
703 605
46 516
80 408
430 679
309 350
147 431
112 896
295 223
116 840
760 105
823 837
646 966
538 727
578 520
225 720
45 453
546 234
105 362
180 348
646 696
315 963
962 282
46 849
930 252
471 732
932 850
837 299
294 383
996 109
599 192
711 522
68 536
750 84
623 206
91 937
934 303
111 410
648 900
332 405
403 584
868 39
798 846
288 19
398 88
661 606
576 678
846 602
578 460
725 267
925 345
839 503
217 28
380 504
517 127
763 334
61 915
818 558
411 76
658 455
158 20
433 613
969 571
532 707
240 105
494 850
62 438
13 242
930 898
588 874
608 979
700 300
335 507
482 797
800 378
514 424
477 22
776 499
189 866
841 211
787 725
865 181
177 747
5 880
67 919
69 77
399 892
37 431
873 5
867 656
137 805
91 109
102 143
84 654
638 301
508 594
736 309
405 60
784 219
641 358
771 999
612 991
594 190
261 541
408 255
906 834
747 484
729 881
824 711
140 217
241 587
148 129
387 895
289 111
147 459
538 696
669 466
335 706
859 972
436 811
422 706
246 902
138 157
102 602
584 421
877 736
589 172
976 191
15 31
271 622
550 297
623 125
897 457
517 800
366 398
226 549
647 669
650 131
232 997
40 34
87 304
471 593
610 671
347 559
739 993
337 533
414 659
56 459
293 290
960 115
43 839
887 94
246 322
156 126
584 609
53 482
812 913
907 879
92 787
57 592
352 576
502 154
32 786
450 609
35 597
680 670
926 941
207 371
526 509
896 982
736 661
41 213
667 57
649 534
745 841
925 865
435 493
878 835
93 153
666 371
665 584
18 300
135 916
201 20
639 178
931 845
272 190
775 989
572 105
700 22
233 415
128 541
201 249
206 330
558 31
804 187
236 933
974 847
277 37
667 613
121 419
68 254
127 605
419 364
8 833
405 193
543 111
674 266
315 700
93 84
983 303
693 399
489 353
328 801
437 193
43 342
444 911
786 754
88 765
842 822
699 899
703 843
727 81
843 636
76 357
43 116
190 229
856 961
397 565
489 556
683 36
595 688
636 28
985 268
12 952
256 586
574 990
208 851
942 866
798 646
982 99
934 454
772 485
777 393
778 594
319 566
947 889
146 168
809 888
525 317
579 898
598 162
910 30
144 905
877 153
74 326
754 420
424 425
710 891
133 463
541 450
194 700
853 321
411 338
783 554
821 739
168 61
848 719
795 456
178 458
823 414
421 678
575 773
687 191
728 900
417 755
344 909
202 343
115 970
991 597
614 400
279 441
267 401
948 824
571 335
898 21
933 795
689 184
266 859
513 458
573 518
675 429
550 830
132 823
872 636
64 937
250 908
320 942
962 533
923 793
505 826
569 685
626 902
38 536
404 402
11 66
626 793
882 367
609 557
96 600
573 970
928 395
485 378
324 568
74 855
327 651
419 836
276 827
354 551
959 70
962 166
341 795
678 682
682 825
982 352
95 780
708 981
657 621
235 633
566 479
200 708
384 539
539 577
133 240
308 663
971 154
94 351
151 780
722 840
29 464
714 584
222 419
424 502
260 132
562 516
105 12
164 504
592 499
576 1000
478 216
575 714
193 344
203 366
72 663
531 368
630 206
943 231
748 125
272 645
877 415
511 225
224 417
459 522
499 745
301 355
429 174
62 423
875 130
412 924
417 814
469 733
842 89
257 965
314 670
460 944
982 789
608 170
710 371
495 962
563 846
106 239
884 549
822 681
552 477
664 567
572 896
676 521
408 373
542 568
616 964
233 224
875 817
309 699
976 648
278 654
990 3
46 666
656 314
822 459
509 964
515 838
395 319
896 248
585 960
685 837
718 59
493 286
983 5
82 666
587 844
788 429
256 246
648 728
996 264
357 498
419 659
38 998
664 401
441 792
316 668
467 792
764 2
497 465
226 753
501 569
841 276
130 971
717 773
630 622
467 630
344 491
418 405
492 227
476 760
57 970
283 152
365 890
817 960
786 17
800 640
430 328
198 164
201 640
164 84
246 358
679 431
131 237
782 908
496 339
23 56
746 575
200 544
683 241
130 446
595 754
807 71
13 467
532 913
704 118
652 238
546 873
656 233
692 344
144 413
898 100
885 170
717 224
176 990
635 836
304 211
549 451
601 596
352 207
836 881
448 594
267 54
675 437
897 915
515 348
477 473
872 549
559 527
875 682
327 783
589 504
846 473
81 161
633 396
340 838
159 258
112 941
405 910
155 855
870 370
671 359
233 911
881 523
578 621
906 52
946 969
582 721
423 975
826 367
224 565
636 394
580 842
712 330
380 200
163 690
204 75
425 479
996 2
262 698
229 957
105 615
323 440
144 375
755 477
683 72
901 17
597 529
497 334
795 931
645 837
302 593
263 949
291 704
296 362
39 658
687 870
467 387
194 345
79 534
722 931
155 46
850 178
133 192
236 83
348 565
311 419
596 275
10 922
588 655
495 695
35 63
832 249
686 616
304 514
784 892
143 807
2 217
666 368
116 303
499 673
27 822
28 613
268 52
749 557
770 210
93 9
442 259
690 477
309 751
29 448
838 237
969 18
951 390
185 739
83 577
453 274
680 362
558 399
642 477
158 889
807 692
226 691
432 226
932 727
326 706
935 752
936 530
261 385
101 194
484 222
980 699
585 269
405 231
555 421
538 669
354 80
760 805
342 327
508 59
733 526
592 686
280 308
941 705
484 60
30 480
983 458
290 341
540 565
240 57
412 160
124 122
278 84
697 22
381 517
747 924
588 152
493 988
161 706
850 493
442 880
639 541
839 79
622 805
535 694
401 778
359 45
900 352
773 766
633 701
302 190
322 648
508 983
643 158
274 551
594 688
496 667
61 301
801 862
623 718
727 893
908 185
620 243
914 614
427 569
558 907
789 507
75 703
906 126
340 553
879 644
441 470
314 76
41 652
980 835
766 14
159 164
327 838
55 503
607 826
7 112
980 616
529 752
219 246
717 331
202 1000
276 119
349 583
315 731
869 144
228 872
11 194
256 235
674 497
967 660
508 95
950 354
521 386
287 512
578 597
428 416
119 375
446 157
375 233
94 659
313 200
902 144
996 75
617 378
66 400
244 556
584 333
33 217
494 60
699 652
95 783
541 97
688 411
542 458
130 996
789 627
887 144
119 10
714 742
990 651
113 245
756 873
80 506
209 666
339 535
963 561
92 805
408 924
354 104
796 119
545 817
231 434
341 350
325 953
462 84
273 22
347 933
187 584
460 636
762 972
795 731
679 539
460 723
766 543
107 142
640 777
201 965
516 372
168 26
44 629
335 406
619 235
932 196
861 170
257 964
582 949
266 538
213 743
817 654
405 379
802 555
399 651
419 201
940 861
135 253
905 998
304 135
149 33
797 917
85 931
230 148
381 24
770 303
384 158
917 157
793 359
721 298
138 20
447 482
927 788
773 446
538 725
737 28
708 133
464 285
390 547
307 548
539 913
884 454
907 697
216 618
52 272
694 835
661 378
204 507
977 829
47 543
963 894
307 962
199 304
950 616
185 290
548 921
812 649
282 652
670 379
748 527
251 33
548 915
255 617
256 563
755 717
282 732
772 277
356 492
963 668
469 203
968 742
790 735
792 532
242 503
868 263
128 911
798 622
468 917
506 64
146 241
633 539
687 818
209 791
856 502
160 317
749 405
883 991
256 960
748 597
207 409
524 621
482 168
106 524
16 284
880 990
540 199
689 571
325 191
677 42
698 21
737 791
335 411
192 236
871 356
527 616
549 224
418 610
573 250
106 177
378 570
434 760
202 364
899 286
538 194
277 158
235 321
390 663
407 559
908 464
487 381
358 490
236 978
475 138
367 392
974 224
442 49
564 868
585 391
768 865
575 944
76 526
457 532
831 398
724 574
58 92
855 276
767 632
418 153
242 885
725 888
154 655
817 325
432 805
565 544
489 276
612 654
467 985
936 850
55 626
977 136
81 467
68 751
214 284
513 878
272 988
186 638
356 162
237 97
535 862
204 110
686 946
800 877
105 759
610 524
826 561
496 180
169 850
759 128
777 403
134 528
156 120
527 27
711 270
566 567
19 304
354 161
523 704
653 657
113 435
216 130
365 479
863 96
723 693
621 174
70 956
397 36
497 952
79 646
390 823
887 751
389 640
448 68
201 780
844 738
960 47
210 706
637 873
83 685
286 759
16 407
537 603
877 272
944 627
746 675
763 515
585 871
387 641
746 818
814 580
220 141
112 526
483 965
67 514
891 761
914 805
457 982
242 548
738 417
477 395
525 381
608 925
634 609
314 139
668 814
105 6
604 248
755 124
390 191
416 454
660 169
43 217
185 49
674 93
354 513
264 873
322 35
15 452
860 551
781 653
472 606
910 339
379 47
899 734
938 120
509 487
78 655
849 77
891 72
730 198
53 339
290 935
865 853
38 9
630 599
656 918
946 558
476 673
388 383
407 205
389 962
231 393
438 749
403 602
368 628
653 774
92 608
628 850
347 969
792 874
80 716
313 344
264 387
265 942
983 707
298 899
403 824
481 40
359 101
363 724
490 468
813 738
852 120
999 251
839 342
128 588
845 721
383 278
330 366
975 114
173 212
28 761
141 438
292 806
365 920
519 673
758 913
392 928
705 737
291 486
899 289
183 317
266 187
170 89
603 766
458 899
292 619
3 728
133 681
764 939
965 396
472 892
567 456
321 211
578 547
229 129
176 275
110 252
366 106
404 259
78 350
560 489
82 613
66 382
262 594
388 799
461 511
308 463
657 722
622 138
114 421
778 274
599 174
434 476
161 380
270 142
797 162
347 617
886 958
326 575
403 664
874 993
235 665
307 52
734 653
511 828
293 73
705 921
856 283
628 775
221 759
22 904
829 504
101 897
407 70
342 633
933 10
151 93
27 979
806 601
639 278
417 947
199 689
297 441
374 697
822 909
442 329
685 507
356 73
900 596
552 48
605 555
774 691
418 723
693 769
31 174
566 528
811 698
244 115
520 685
15 858
658 727
625 776
901 837
104 597
750 940
56 664
112 820
382 710
11 144
50 758
790 697
831 506
707 808
102 802
654 915
405 762
655 533
399 334
241 398
739 667
370 234
524 417
817 425
780 571
985 575
177 586
930 136
768 83
586 742
716 697
276 874
778 468
764 173
466 680
186 452
343 420
263 237
812 763
669 158
798 802
930 362
13 880
350 933
958 164
942 809
160 225
694 610
881 425
517 235
866 479
557 730
301 917
153 626
674 982
198 504
950 917
977 623
483 545
769 891
895 958
182 831
364 182
202 169
221 731
442 664
118 77
818 783
252 771
718 780
3 41
259 179
939 725
181 170
156 729
13 64
911 603
625 488
916 179
631 694
720 468
428 656
508 241
386 197
249 167
139 263
71 748
383 302
614 350
81 901
944 261
599 607
157 552
177 426
417 411
816 207
362 491
664 819
668 971
975 761
713 298
807 315
333 9
483 612
889 745
104 879
547 943
785 998
34 953
4 594
25 921
389 408
997 115
636 277
858 267
388 832
890 664
679 669
56 118
364 583
492 396
309 194
627 379
593 447
354 493
544 645
726 381
471 594
75 269
596 857
99 387
634 120
873 616
892 220
431 448
630 584
527 26
951 830
881 38
280 334
922 544
265 727
86 361
568 472
164 419
492 80
809 914
294 858
482 218
230 932
250 110
855 671
776 398
753 893
130 382
667 397
10 920
657 119
112 210
474 998
266 753
838 449
362 262
749 666
861 864
463 4
11 655
908 151
197 104
733 422
122 593
560 676
183 58
530 584
84 685
250 661
969 225
932 499
291 461
956 489
906 658
598 699
175 839
920 266
838 234
923 254
214 566
451 128
239 225
542 784
898 482
599 833
8 930
890 986
444 906
12 710
16 641
91 71
993 679
371 759
318 466
212 817
708 222
1 354
234 581
453 997
458 721
450 109
217 782
539 713
425 313
242 332
523 432
981 852
32 373
416 20
34 735
638 478
610 702
203 252
169 828
506 396
351 460
298 216
100 844
337 630
268 944
968 720
433 704
14 39
531 123
36 571
527 479
700 514
386 726
803 181
485 872
969 615
903 812
706 286
890 227
127 216
303 218
771 326
369 528
947 137
306 3
89 689
771 471
258 190
207 193
410 528
322 825
540 858
788 882
165 733
23 211
101 735
348 936
956 175
79 40
634 305
701 617
124 903
784 120
433 110
253 869
434 641
823 185
715 528
991 999
261 688
561 362
513 463
866 527
885 273
337 347
634 531
873 313
339 501
858 655
659 850
435 902
201 500
55 497
403 240
242 728
925 111
558 280
392 671
581 921
267 193
520 406
418 111
789 76
594 20
208 359
599 869
858 597
827 358
75 839
404 413
65 659
806 528
841 769
828 772
959 498
742 966
708 818
569 396
646 248
315 808
997 284
337 207
928 509
322 4
68 544
782 32
501 430
901 454
7 583
288 11
87 501
53 261
189 107
337 594
179 339
752 447
949 379
240 355
38 42
47 125
212 265
577 116
751 560
536 575
204 917
723 767
986 611
992 748
520 19
944 847
218 717
880 49
239 790
83 378
407 110
862 824
749 721
161 808
878 911
257 937
204 714
98 325
26 230
192 130
766 620
932 198
18 514
892 608
297 457
830 765
563 802
140 49
123 875
861 217
849 753
131 846
205 6
626 990
656 31
767 147
111 671
292 859
3 392
685 156
978 422
274 737
157 579
823 50
194 712
712 917
733 801
880 731
77 317
586 381
508 159
423 486
320 909
470 839
822 232
825 820
312 353
720 430
829 772
62 749
359 117
797 294
690 950
360 45
772 612
24 196
851 761
229 821
533 333
920 830
423 853
337 668
490 348
702 223
190 51
816 590
527 400
450 964
436 151
649 34
407 278
609 632
51 376
839 499
289 435
422 241
288 245
472 82
731 966
317 118
110 413
387 120
83 681
212 3
72 694
127 144
3 40
207 264
447 793
943 132
675 634
179 875
397 224
403 115
952 553
934 969
629 495
449 286
672 696
515 114
503 802
732 1000
733 321
408 438
890 765
358 142
508 767
325 479
533 602
168 278
686 56
252 271
505 711
150 373
44 264
923 567
290 136
36 356
239 351
1000 442
956 437
709 155
200 101
552 730
510 390
764 637
301 921
368 854
148 124
295 255
337 77
105 185
531 565
450 281
902 60
775 198
523 169
730 863
859 113
878 207
950 296
402 786
534 555
132 447
46 881
450 6
659 326
753 423
898 830
765 700
461 390
209 437
564 329
464 759
548 802
808 795
203 211
518 398
385 770
632 659
669 18
137 161
401 244
75 413
863 332
277 937
988 46
248 823
702 969
142 61
91 599
408 935
8 33
194 340
342 964
550 25
649 824
8 176
340 237
657 229
515 707
681 239
130 383
169 387
839 138
182 651
93 356
314 627
443 861
226 327
619 804
191 903
892 752
36 964
657 811
818 18
196 642
568 533
953 777
878 822
112 433
701 696
405 491
693 888
415 198
897 835
614 132
520 758
685 228
813 47
559 703
492 926
606 638
405 205
636 563
779 496
200 129
594 49
814 730
104 829
86 637
682 668
663 947
978 832
376 561
472 688
254 566
848 315
510 413
190 286
104 987
640 87
997 30
861 25
26 813
268 802
622 95
901 553
75 296
938 102
798 650
821 811
916 224
207 652
227 66
763 116
817 956
527 121
645 372
790 645
882 666
938 920
577 200
338 700
322 485
14 471
554 200
169 110
636 988
568 356
201 861
221 258
38 376
313 847
502 277
784 716
752 80
662 685
311 305
205 782
921 485
80 861
841 473
545 741
31 918
62 684
303 578
948 661
275 785
148 513
165 685
336 993
297 637
7 318
823 184
974 828
225 259
961 695
67 736
107 739
658 753
552 372
419 191
242 582
412 563
558 430
172 413
176 88
193 990
168 524
462 498
349 580
578 910
392 623
195 98
867 385
187 757
997 57
104 936
394 340
188 42
808 189
327 758
494 29
149 462
154 120
392 333
638 692
108 999
146 708
429 311
4 698
96 715
838 785
345 348
351 402
172 519
925 479
251 6
967 836
825 219
312 898
351 35
812 567
780 661
507 865
200 855
965 777
187 879
494 601
955 985
117 738
445 43
583 773
795 797
333 886
905 333
853 15
213 160
217 293
457 374
444 84
781 371
676 415
515 795
773 735
499 636
61 221
192 20
781 196
766 514
607 310
865 307
314 555
97 169
98 322
706 517
898 805
232 895
653 155
359 190
128 554
408 458
262 485
335 177
983 613
291 55
662 26
663 311
562 166
175 649
72 166
988 76
609 385
849 402
427 708
817 124
713 163
671 254
450 494
201 200
104 885
551 997
759 582
794 582
890 787
281 553
871 628
910 636
983 30
16 714
957 513
682 999
333 325
377 813
841 21
878 163
521 268
834 861
730 922
255 901
559 470
481 968
372 947
998 859
655 206
398 93
714 310
193 109
104 320
644 236
882 851
184 255
756 840
26 519
445 79
798 621
912 556
71 21
78 999
84 352
156 821
206 234
126 767
37 22
807 630
459 716
412 734
880 94
697 632
719 511
408 665
282 254
182 607
553 89
884 685
575 968
641 558
988 387
165 660
261 981
193 960
583 450
895 508
448 76
310 290
97 407
704 249
832 814
686 57
600 314
158 758
549 463
509 130
805 597
808 841
187 130
633 182
390 293
104 548
340 620
842 426
922 755
167 717
141 734
975 135
318 730
327 920
58 255
777 587
500 520
727 219
159 415
200 324
252 581
480 564
523 168
241 915
730 860
734 892
381 396
418 374
652 695
871 745
397 524
95 819
372 864
265 106
85 361
58 843
916 719
665 969
479 33
320 598
797 220
912 874
566 411
159 979
551 461
991 154
39 313
593 602
271 346
525 771
991 43
614 978
668 222
174 659
602 342
929 686
680 756
18 903
492 82
79 530
777 552
221 317
147 582
739 416
334 964
316 87
796 809
197 308
911 520
628 1000
455 636
314 624
612 791
53 929
19 753
538 259
166 576
822 882
909 168
982 998
841 242
225 117
776 611
649 763
373 309
175 611
754 976
940 657
547 305
600 435
969 231
923 944
771 953
919 248
362 984
146 797
202 609
558 258
345 651
435 989
55 284
167 838
405 829
963 255
871 629
33 358
430 736
345 564
506 539
602 564
101 95
104 845
51 838
358 582
67 850
573 929
619 801
445 578
119 367
673 807
787 299
161 103
8 273
265 390
881 486
311 991
574 963
607 256
777 35
427 502
377 711
375 468
602 8
83 505
605 297
830 56
338 810
725 462
139 935
468 857
655 439
458 147
421 109
114 753
373 804
66 844
307 74
934 165
222 91
723 594
179 132
217 377
41 171
65 317
853 332
875 268
452 619
662 674
184 733
593 775
144 59
491 148
918 395
6 721
795 380
120 842
448 833
177 133
451 546
70 200
110 869
168 382
936 182
560 578
93 922
314 985
645 867
171 560
135 149
652 1
448 623
747 133
291 491
519 307
633 366
818 488
710 666
414 487
814 644
837 301
822 736
641 466
148 70
166 791
778 221
10 163
12 533
366 254
217 590
887 891
648 941
794 914
834 711
33 108
198 870
113 830
739 606
930 325
795 577
423 768
506 342
401 264
806 323
863 374
403 300
425 164
942 899
725 369
913 447
468 782
445 42
928 76
730 328
308 742
860 987
809 863
170 259
777 313
563 360
89 497
252 907
593 577
334 909
615 516
445 268
908 435
206 244
236 407
83 380
834 476
361 610
307 324
457 87
679 740
188 193
706 514
981 396
782 727
16 466
697 829
829 773
157 831
653 154
680 8
287 61
749 898
337 308
140 785
642 207
936 944
701 592
686 252
932 355
548 229
533 151
720 642
98 886
335 583
708 483
251 520
913 262
696 242
129 194
938 886
133 650
869 176
372 504
465 170
642 882
824 527
162 138
648 674
189 675
831 372
854 703
985 572
289 117
698 411
789 832
594 91
372 670
473 321
497 123
578 292
831 42
542 411
835 175
524 370
899 650
203 809
242 273
939 253
298 15
282 648
959 246
262 610
526 943
564 230
431 297
749 222
979 871
554 476
256 567
920 734
740 487
597 89
278 287
434 334
329 636
130 631
592 182
4 155
616 316
728 406
860 959
844 276
303 994
973 760
904 961
585 668
588 785
991 468
114 904
193 319
438 603
114 795
83 280
581 505
636 628
451 732
487 10
309 806
454 465
4 384
631 691
634 405
541 679
799 455
912 233
586 16
364 486
993 498
461 572
795 292
858 944
965 124
180 703
755 552
438 788
177 94
879 587
664 536
956 448
760 193
443 255
817 14
999 482
593 162
253 156
290 134
465 220
935 634
224 910
923 678
237 917
880 761
111 915
607 911
24 4
794 552
871 522
17 845
971 652
57 444
869 37
66 306
618 359
233 771
517 921
789 868
931 430
722 457
619 799
890 679
397 523
337 438
475 763
973 344
798 797
855 852
323 447
161 328
664 353
593 461
385 768
264 943
446 443
969 878
949 256
588 192
471 988
61 832
535 568
627 523
83 617
481 9
951 936
164 430
146 209
347 880
857 748
554 869
331 292
847 482
577 12
823 451
814 467
669 596
528 584
729 249
969 682
224 511
369 762
463 144
675 536
896 859
842 11
382 832
753 604
37 363
961 911
121 218
488 691
675 745
957 665
219 340
992 867
746 830
433 71
469 769
201 227
440 805
939 459
906 526
999 433
569 840
2 871
828 319
813 45
82 57
10 426
727 555
107 662
951 163
3 595
522 449
651 175
484 372
196 64
90 975
394 632
854 517
111 436
988 859
384 969
678 792
85 697
158 175
13 513
613 786
994 779
629 712
298 786
523 215
714 430
636 308
267 533
897 446
55 594
243 434
389 10
104 108
527 486
881 276
420 656
989 833
350 977
498 860
617 274
835 359
817 720
64 700
677 584
273 882
751 827
809 576
208 841
798 641
886 944
237 510
972 139
152 896
981 947
948 172
570 730
865 730
717 601
977 692
601 192
951 908
576 898
27 90
657 199
179 135
693 305
882 634
478 369
464 815
52 558
862 27
580 872
586 473
3 243
171 789
575 771
83 65
690 107
943 815
583 500
35 290
210 964
136 959
727 745
908 5
305 88
883 471
580 413
728 551
168 639
87 36
797 908
907 212
12 304
486 379
414 484
417 320
189 956
674 296
224 805
618 413
254 961
669 404
689 382
176 279
141 718
124 437
295 22
464 18
427 166
543 764
345 305
241 192
977 212
741 179
869 90
584 370
512 255
161 391
513 682
823 125
789 525
846 982
561 614
431 276
109 90
419 936
60 610
955 874
694 985
428 810
468 783
492 245
844 98
147 818
523 703
491 311
643 434
153 674
84 334
857 74
529 507
735 105
477 873
776 224
226 43
762 969
265 637
892 596
297 300
439 527
355 482
448 128
415 324
855 488
421 755
204 709
631 686
390 898
174 21
884 762
187 410
631 607
396 390
607 470
758 838
264 384
538 26
975 451
427 681
763 813
710 884
641 275
895 312
550 973
555 693
96 62
228 555
193 952
680 438
663 535
703 602
832 529
872 606
867 343
682 707
862 877
332 968
388 586
483 588
724 662
360 385
985 624
253 330
346 220
850 796
209 172
935 405
441 945
190 212
102 512
161 50
204 365
357 680
976 89
226 536
461 415
372 782
60 533
566 258
630 753
863 537
277 609
282 649
744 84
755 128
817 792
15 169
511 766
761 759
217 101
234 973
570 547
203 22
721 469
78 890
29 398
35 721
882 672
683 913
830 832
887 401
579 576
28 202
730 476
435 248
553 445
554 142
369 588
209 383
269 65
973 191
992 634
27 947
908 792
625 618
732 628
878 942
628 517
114 875
944 561
448 795
123 923
701 800
277 153
815 587
531 861
515 309
279 625
992 166
211 266
656 397
509 113
36 359
547 117
591 356
647 214
651 19
949 986
278 932
920 976
280 175
617 906
428 287
486 675
693 293
902 51
835 108
764 862
92 425
56 773
298 229
739 520
596 903
975 904
256 583
526 622
18 449
972 898
66 469
640 364
346 837
938 129
702 254
830 435
868 194
820 109
612 861
878 415
535 970
520 353
385 944
66 162
958 471
693 444
598 46
856 697
746 111
144 533
583 651
420 930
41 403
334 808
282 911
246 500
1000 760
394 817
605 691
127 339
459 797
995 959
777 368
321 860
655 371
626 426
273 209
451 289
359 397
362 499
951 585
352 677
739 307
79 818
879 795
880 203
629 448
477 115
741 774
120 816
266 588
747 125
108 355
199 522
168 358
405 391
667 860
300 867
905 839
837 132
817 939
876 430
126 213
328 364
555 991
645 781
30 936
689 149
743 94
413 525
646 581
371 191
478 865
447 309
362 966
586 149
993 872
426 571
997 817
750 808
551 585
509 902
314 148
673 987
368 885
243 151
964 221
33 469
343 240
994 776
901 716
530 742
177 918
342 456
398 334
977 731
209 261
565 992
398 505
665 939
345 246
806 293
627 712
384 566
994 733
186 910
705 662
89 249
587 65
331 20
618 796
714 607
31 668
56 349
681 132
539 408
557 943
949 815
307 76
878 661
97 989
679 412
795 163
479 330
778 959
619 999
675 985
939 640
118 905
340 892
156 750
657 87
814 351
411 472
801 848
952 740
19 783
13 277
295 751
488 575
583 388
885 806
220 110
389 323
157 635
859 577
474 737
861 403
111 756
183 139
42 813
244 395
546 397
505 62
112 781
258 657
6 787
980 630
983 785
136 40
35 461
129 228
58 194
104 796
837 700
306 820
551 962
347 160
662 441
405 960
263 422
160 909
911 458
824 484
534 615
375 231
642 732
591 739
206 519
787 438
860 512
311 908
682 800
952 347
958 141
355 984
808 989
775 193
978 736
164 690
539 582
868 154
39 56
165 296
437 531
369 837
591 950
905 225
299 542
363 355
743 764
984 213
378 108
473 848
917 815
520 23
167 35
79 724
500 447
691 462
641 805
3 48
260 929
779 915
28 389
184 889
361 608
821 704
272 178
245 30
643 113
737 894
577 277
649 672
241 26
174 133
766 739
76 947
884 874
137 817
909 895
453 323
590 700
385 35
884 921
810 772
116 3
796 727
46 306
732 213
14 780
328 51
314 106
847 132
443 322
46 669
249 535
927 252
599 660
783 971
253 472
110 323
685 971
941 353
811 893
942 819
854 701
357 507
417 62
169 717
116 630
121 920
275 480
951 510
823 611
845 487
833 487
907 524
584 367
470 404
109 428
150 314
95 873
186 983
795 559
632 635
869 370
691 622
912 769
415 854
15 168
656 103
806 365
113 58
636 178
123 481
910 447
669 812
527 178
649 37
749 510
622 884
938 863
703 477
800 148
305 586
839 13
531 292
606 296
916 874
763 624
887 257
890 39
840 848
658 225
485 713
154 384
27 946
72 521
474 869
84 944
641 547
785 774
914 537
166 682
749 979
793 777
317 679
980 345
818 332
606 759
978 390
448 681
361 408
41 718
577 908
229 401
106 492
110 492
718 239
777 492
479 729
261 406
581 861
732 479
988 881
613 332
544 845
797 661
599 809
376 537
272 537
12 735
896 74
346 177
475 991
670 44
194 893
56 774
367 842
647 260
716 909
617 171
467 844
357 352
935 9
648 985
464 362
63 466
104 129
527 323
513 231
949 413
863 315
129 744
375 517
260 406
83 781
191 382
655 47
414 667
679 149
248 827
653 570
838 638
223 188
311 666
739 199
207 549
999 521
698 86
913 230
347 882
298 402
528 571
411 209
537 204
553 408
854 568
80 742
527 948
810 408
313 928
540 289
870 536
378 646
641 926
344 778
150 88
884 282
236 767
473 731
130 12
469 234
465 667
323 517
771 813
848 539
889 844
323 658
968 349
747 122
348 231
847 207
229 292
871 245
439 307
755 804
940 946
945 972
90 973
732 12
976 998
315 692
614 40
357 81
232 929
183 501
315 549
154 749
85 583
732 338
459 414
274 525
140 831
109 338
309 176
935 92
556 919
564 442
712 365
15 450
661 444
989 863
99 341
794 863
356 332
358 822
752 569
380 346
136 184
981 960
85 251
290 929
937 298
630 425
167 485
939 340
123 998
251 348
491 333
568 601
40 931
302 770
520 493
574 32
501 284
680 115
765 843
718 943
60 301
575 566
174 797
451 888
777 511
462 683
683 617
604 505
201 123
967 305
187 259
593 772
308 243
173 702
184 775
486 829
235 255
628 638
221 32
594 570
521 290
79 902
170 878
83 67
654 436
88 491
235 140
738 381
978 300
962 984
27 521
488 591
585 103
288 987
589 599
77 387
457 143
816 317
428 51
176 92
642 153
55 460
167 662
918 970
910 842
489 436
322 80
602 651
629 904
390 2
873 94
983 129
416 393
17 742
56 992
439 627
81 115
724 739
485 273
253 277
809 578
77 967
771 791
247 315
214 160
773 39
111 280
938 292
298 903
155 562
449 273
603 993
661 464
840 493
69 873
367 608
226 852
29 343
658 329
739 142
99 47
59 53
606 418
553 310
695 919
97 594
369 981
649 235
763 133
526 99
584 816
624 845
550 37
952 820
662 611
22 898
64 180
766 951
279 622
383 77
993 265
830 900
870 593
924 345
619 851
624 43
490 368
679 737
296 982
244 820
80 829
463 74
657 451
418 601
158 36
480 130
903 578
409 138
173 161
343 529
144 425
782 190
718 583
668 239
774 693
353 997
409 59
384 234
747 213
876 503
272 269
422 787
98 531
157 606
543 825
258 707
633 271
651 132
466 862
598 991
272 555
438 472
898 727
98 885
465 30
474 364
366 814
927 797
48 963
313 19
446 209
564 604
671 280
696 716
272 856
440 394
350 572
815 717
868 458
512 46
433 976
656 781
380 275
436 237
591 887
317 318
212 596
490 786
215 579
753 152
971 289
312 930
593 614
43 850
597 359
708 576
897 82
337 799
308 342
511 841
702 34
662 466
833 34
248 766
924 415
265 579
515 746
536 655
369 578
890 879
381 996
445 260
364 195
828 210
351 967
11 520
999 859
549 24
628 519
69 424
994 185
64 446
943 880
706 341
390 202
669 464
187 440
850 408
456 547
690 49
823 335
715 590
572 337
786 12
210 906
852 301
413 551
340 761
35 77
864 499
634 741
266 795
247 594
959 401
996 615
962 691
184 567
875 674
548 260
660 446
815 63
632 109
644 296
11 381
825 746
698 88
607 904
348 651
59 686
390 975
542 841
409 595
873 22
480 795
582 702
46 157
646 923
650 86
941 725
