1000 9896
821 399
470 215
536 17
198 685
270 302
125 786
241 142
962 230
33 154
380 311
440 132
39 420
347 280
688 602
212 616
490 886
882 992
994 678
351 103
650 851
998 970
514 833
734 700
648 135
852 943
672 29
711 148
731 634
847 628
98 181
753 391
929 531
956 972
974 881
151 18
597 974
1000 920
984 61
168 149
761 205
85 431
382 839
365 651
980 152
140 103
218 927
244 147
904 572
796 634
433 68
932 106
93 946
679 911
482 651
159 59
144 256
571 171
521 978
371 129
888 21
617 697
466 151
488 995
346 449
110 542
771 970
710 934
168 533
136 211
286 197
548 312
562 51
771 603
650 360
686 426
286 757
909 761
162 94
56 965
579 275
851 598
959 452
266 371
855 23
843 631
534 968
226 623
579 49
446 120
13 651
569 491
146 364
522 915
246 645
249 738
729 880
424 741
136 185
437 766
265 283
415 809
489 821
406 548
479 406
186 958
959 920
770 506
109 149
471 850
455 425
458 159
705 950
99 131
31 750
734 299
44 875
389 604
468 59
644 966
978 632
995 810
135 717
534 473
748 18
53 784
934 955
956 71
689 580
746 639
47 374
516 303
629 418
845 972
988 327
71 541
543 190
974 918
41 986
960 588
797 871
524 993
163 75
805 920
700 162
663 302
120 187
658 746
37 767
775 833
962 840
690 731
453 399
314 199
371 10
512 694
859 865
987 340
87 739
598 159
371 955
979 696
393 829
12 529
517 572
590 98
42 732
576 738
464 134
465 211
393 910
674 9
343 150
721 34
629 681
958 849
377 788
376 705
471 306
453 963
882 247
127 738
337 682
893 469
949 419
899 658
259 627
482 344
372 932
485 579
87 499
255 637
789 635
635 243
284 117
412 418
658 326
180 134
881 23
496 243
848 856
901 226
525 101
878 708
517 402
942 609
355 265
161 960
326 506
167 774
455 290
776 227
245 250
653 803
446 547
274 752
743 476
528 659
17 146
735 776
222 853
484 154
740 914
620 184
641 965
74 212
535 33
555 386
304 337
841 142
219 622
257 845
629 55
480 114
525 476
103 176
489 228
443 215
562 163
836 774
49 124
253 244
439 771
48 180
121 610
653 457
570 281
456 217
239 182
443 437
361 220
147 441
629 619
206 980
964 128
417 67
918 561
446 214
600 782
450 141
881 759
59 611
449 323
211 796
808 918
972 921
501 783
530 447
661 499
845 374
99 364
709 368
702 71
319 659
774 9
820 148
95 774
307 891
843 797
934 436
757 767
811 315
812 528
887 76
119 187
130 410
428 777
359 567
894 876
683 773
796 60
355 212
502 5
715 291
914 83
950 829
937 242
760 765
100 608
799 796
654 49
910 223
87 874
292 338
863 133
151 9
154 287
173 593
445 300
175 135
291 922
754 628
277 595
313 906
888 574
117 404
60 510
23 160
942 462
197 125
255 139
793 670
671 645
193 718
456 392
810 855
595 407
297 696
746 873
750 881
514 115
92 107
662 59
665 197
166 906
685 250
120 100
708 301
157 545
429 316
927 77
876 619
271 553
791 498
595 245
708 444
430 606
555 547
628 107
920 164
813 231
564 787
271 719
608 215
20 77
684 84
689 298
512 493
142 600
436 829
560 473
485 296
274 876
589 162
147 179
781 784
854 334
837 916
489 574
474 138
972 957
920 864
445 795
750 126
954 515
119 85
234 925
848 145
763 110
446 270
963 608
341 60
142 7
201 585
948 97
79 616
243 790
463 969
986 946
536 637
561 446
100 516
339 836
268 376
910 187
358 652
628 838
882 594
994 120
887 743
598 382
511 211
409 295
624 640
822 989
811 735
233 500
692 533
308 798
463 434
296 717
499 454
196 430
883 364
362 339
438 17
676 999
290 166
220 427
189 916
251 583
229 767
362 852
347 40
384 94
862 921
760 959
278 574
48 459
629 547
890 997
689 342
323 208
436 785
388 924
192 886
547 705
139 849
375 208
893 304
507 125
15 460
454 548
699 635
938 209
341 254
570 900
129 714
591 814
647 520
482 292
155 374
392 4
88 659
530 278
70 615
105 36
90 289
799 950
449 198
123 427
895 537
938 898
890 379
109 805
257 676
238 571
870 728
248 567
264 316
502 252
875 370
94 26
244 931
684 98
407 939
784 706
342 708
952 632
991 697
944 952
763 438
268 66
306 141
328 429
715 299
662 790
738 136
61 405
874 472
486 898
344 919
291 176
744 466
62 581
586 167
35 183
58 380
519 665
512 617
641 267
442 774
953 521
366 566
663 670
941 88
809 93
928 985
733 214
918 968
99 806
279 774
270 683
348 491
314 183
390 982
101 237
194 897
768 976
879 466
521 568
24 64
885 685
484 74
945 712
267 932
416 506
73 917
849 116
613 19
6 451
778 56
48 725
988 601
627 395
664 447
811 48
425 397
815 664
657 714
910 644
345 166
19 37
242 230
133 85
136 199
433 827
588 181
644 359
845 290
591 770
463 611
372 980
265 310
284 118
416 934
588 4
916 627
756 882
817 978
506 53
302 775
995 107
389 558
527 200
809 979
866 132
443 701
942 721
959 669
865 172
178 130
931 576
550 426
643 340
936 490
594 762
796 878
178 21
123 221
690 184
653 4
144 28
900 611
466 427
69 94
535 145
639 118
176 796
267 439
810 771
461 885
136 814
598 866
859 686
16 772
349 640
979 889
616 852
292 544
427 843
840 32
345 710
287 751
695 226
19 80
992 363
155 837
708 127
712 122
531 542
732 357
593 169
884 344
645 786
604 815
186 752
919 534
958 882
467 949
872 158
845 484
647 690
635 944
32 325
712 423
901 35
226 647
173 982
691 627
70 540
949 311
844 51
702 81
763 69
156 109
570 589
901 197
193 16
356 612
896 505
492 100
19 396
711 67
748 939
62 445
844 709
41 230
705 159
728 40
317 861
939 343
163 343
112 317
274 612
993 388
779 513
946 50
209 646
505 610
903 416
575 839
227 941
504 38
323 223
718 417
386 332
760 343
228 553
728 757
395 230
414 262
326 562
561 427
319 399
211 270
454 848
638 171
768 715
551 720
310 70
650 739
287 818
201 437
188 661
337 53
30 208
750 707
950 1
293 770
864 834
385 351
479 619
889 753
263 346
896 77
439 693
81 441
449 701
176 467
603 476
215 914
454 686
755 137
646 40
820 843
38 824
664 503
739 925
367 964
350 79
512 187
825 164
303 48
904 309
942 845
451 91
651 544
156 194
873 592
786 841
556 209
627 609
647 948
174 554
786 216
682 25
268 326
5 372
504 535
246 65
732 202
246 123
657 222
219 10
895 858
880 481
455 741
577 7
173 436
230 559
13 11
1 707
184 711
274 584
738 229
421 695
560 717
117 24
139 458
418 671
560 604
425 605
932 404
862 749
165 515
205 726
889 307
93 801
685 221
82 50
135 60
484 482
214 735
50 596
215 370
314 33
668 944
962 661
873 470
485 24
561 849
968 461
833 556
290 22
402 572
590 917
360 334
529 659
699 815
682 538
684 57
548 968
531 598
215 961
253 270
512 121
557 330
398 338
56 805
733 693
833 563
798 979
656 824
787 414
946 919
510 865
632 583
502 817
53 297
39 330
186 906
84 728
19 746
32 508
317 950
986 885
289 387
11 631
612 239
118 368
726 115
69 660
584 904
517 444
611 465
403 756
501 822
216 103
145 93
847 586
39 569
887 341
468 69
430 176
810 488
574 257
540 145
154 340
763 472
156 746
654 153
415 367
44 651
248 278
926 889
639 58
501 926
70 179
643 25
22 182
667 143
481 144
979 178
339 46
876 383
652 244
917 715
165 598
278 927
524 995
817 637
948 771
188 866
719 64
222 552
244 96
500 906
107 728
823 38
441 476
733 213
721 757
483 921
794 331
758 648
335 216
396 547
56 628
789 84
968 592
242 803
298 721
544 793
872 758
506 924
108 824
470 819
754 119
862 773
3 848
207 514
506 527
893 241
587 810
732 305
461 357
815 810
156 501
711 645
751 842
697 207
517 988
904 495
240 630
952 507
554 339
293 653
459 157
316 610
7 703
852 515
636 170
462 835
735 182
994 364
612 131
373 657
356 577
92 831
697 651
809 833
312 743
429 624
322 448
239 937
790 555
666 621
939 595
10 969
743 585
508 926
514 553
286 360
45 689
804 290
676 976
202 412
594 650
279 240
140 90
72 608
808 52
956 212
23 783
766 743
892 934
788 909
990 495
288 907
322 321
776 774
520 550
745 441
690 362
875 810
822 343
400 740
484 417
721 576
629 855
666 195
996 590
444 757
581 980
728 568
729 865
400 627
974 61
742 41
357 5
106 263
289 813
436 692
141 684
996 428
941 349
673 903
466 639
855 507
253 325
57 426
638 43
924 560
820 961
747 675
396 805
860 450
630 808
246 545
962 366
671 426
68 765
717 216
5 236
9 233
29 246
168 580
861 541
155 640
1000 483
80 589
536 837
138 545
499 534
736 968
881 49
38 78
114 672
591 918
759 48
895 976
736 935
704 626
381 918
203 410
991 77
887 364
175 16
592 458
919 145
31 561
805 26
992 639
700 288
780 328
268 436
456 684
718 644
828 92
114 868
904 692
567 929
73 165
885 14
615 580
61 476
409 107
305 10
954 393
409 20
387 421
548 33
805 606
989 145
100 298
432 98
732 181
92 20
223 802
667 514
851 353
524 137
708 446
660 441
680 407
6 223
44 38
979 645
194 599
638 906
340 841
168 79
525 146
295 247
480 604
392 558
409 592
626 965
593 148
21 355
467 995
418 369
301 675
397 517
28 106
38 901
388 216
996 53
82 446
229 930
396 958
627 755
574 814
961 315
427 387
356 315
34 547
511 665
190 934
728 457
636 210
262 243
344 466
91 687
899 906
575 51
406 654
806 613
363 303
754 436
632 1000
887 368
339 838
66 914
175 52
527 771
74 441
238 652
574 362
544 201
835 858
875 281
838 431
396 150
622 630
880 113
232 896
126 508
109 754
685 425
776 411
481 139
603 793
783 760
128 634
515 118
240 766
940 432
151 354
547 587
796 629
671 891
951 411
662 106
39 165
614 371
504 32
671 776
50 962
786 189
783 926
793 922
560 955
832 688
300 126
599 634
430 521
694 298
197 770
55 484
132 839
446 450
617 847
211 666
267 220
141 763
935 741
936 541
394 633
745 147
820 667
323 69
968 142
586 581
642 979
868 687
245 808
67 72
860 724
253 269
403 202
719 592
292 822
11 433
416 335
768 20
381 425
642 757
366 455
683 387
170 210
209 376
925 66
910 686
201 142
758 894
703 93
428 685
725 338
566 463
180 62
643 702
275 226
313 411
77 658
229 599
178 555
288 87
48 887
658 496
363 378
19 342
648 774
26 582
249 375
766 780
624 805
769 908
892 258
773 850
374 393
692 806
730 401
865 446
293 189
424 36
80 710
559 182
84 22
436 296
473 537
481 38
653 30
144 50
589 992
591 944
528 328
620 230
913 770
346 663
257 870
461 766
334 372
158 678
399 696
718 414
700 189
79 160
658 745
453 507
366 564
512 538
834 224
567 60
96 253
205 309
315 359
903 30
870 471
777 652
929 487
72 400
471 120
650 267
924 702
816 230
124 348
731 172
508 227
516 908
884 326
423 74
320 809
707 199
195 507
185 49
320 856
137 438
301 763
142 641
143 232
56 194
627 397
284 993
904 400
543 651
322 29
143 25
769 730
9 93
265 427
692 454
51 502
142 931
808 731
113 17
223 220
212 675
269 484
472 208
143 319
570 521
365 379
458 303
786 33
53 558
130 541
222 431
260 136
139 841
360 660
161 965
112 53
442 650
619 966
657 165
573 9
41 136
528 516
155 144
429 785
946 189
303 776
269 936
649 602
227 546
273 805
212 214
340 259
303 761
913 861
127 965
553 246
594 538
758 809
830 746
724 105
528 436
383 316
244 214
70 554
135 865
250 611
720 859
3 499
962 824
492 744
486 142
452 10
997 786
727 489
68 58
345 859
181 453
606 574
202 928
133 610
216 936
103 480
676 648
73 597
864 184
439 546
794 735
898 561
313 23
622 555
902 73
619 809
375 849
697 423
177 576
287 527
91 134
995 688
186 766
774 23
635 965
63 84
928 419
588 501
976 95
406 790
668 445
781 890
1 616
255 909
754 92
705 301
904 283
647 573
227 164
692 474
144 656
752 581
551 33
222 361
631 215
999 659
670 497
86 232
274 465
460 437
777 461
924 100
326 330
847 924
994 480
443 618
800 169
566 832
139 706
981 343
31 560
839 153
736 646
164 151
792 940
723 896
26 336
889 488
338 414
709 701
526 413
412 581
166 604
259 202
540 329
25 497
573 271
867 526
908 116
267 324
189 426
554 716
362 93
783 901
497 754
171 625
677 877
139 31
234 147
487 711
722 564
182 147
336 719
120 214
543 126
158 920
768 892
253 6
91 343
842 549
456 248
897 711
34 958
394 50
937 996
75 271
974 393
885 754
427 966
177 873
523 267
301 545
765 28
323 249
87 112
641 652
399 180
366 185
781 956
104 1000
659 480
536 21
919 786
460 21
725 623
74 915
683 55
242 221
354 483
765 751
413 314
640 354
610 656
845 279
350 911
834 40
411 793
126 982
659 47
811 280
796 492
818 628
621 385
568 115
986 782
679 353
792 635
485 699
78 856
227 446
250 5
506 107
127 345
623 580
994 388
160 340
714 775
52 674
748 928
93 458
981 363
654 131
912 302
198 15
184 713
701 124
226 348
779 990
926 771
799 531
984 432
650 549
552 212
805 142
933 345
833 195
225 28
425 562
309 948
681 257
758 785
11 790
68 461
658 627
272 314
681 658
573 388
701 719
297 665
706 871
283 986
490 138
258 701
405 99
228 538
290 165
577 867
707 972
707 982
11 69
486 289
508 361
994 77
484 325
519 485
760 962
723 310
889 546
506 902
653 484
589 353
105 790
600 858
233 855
345 429
16 763
698 491
601 668
765 401
33 88
566 162
53 21
401 540
740 241
25 748
891 359
916 924
68 566
426 8
669 92
360 780
165 429
204 133
702 156
540 815
509 941
869 693
66 162
35 693
90 300
53 344
825 311
330 767
293 457
645 100
354 233
687 665
299 552
174 580
530 164
400 385
271 390
499 845
981 45
196 811
195 888
658 183
531 242
165 16
798 151
793 367
999 953
781 326
622 672
866 110
260 971
282 143
801 761
785 28
199 710
884 638
499 536
585 959
549 220
698 646
917 600
391 257
161 329
452 881
658 964
272 151
326 862
757 10
249 172
452 896
932 394
120 48
15 843
658 198
474 747
167 572
466 887
489 46
684 505
447 365
15 617
884 208
685 993
464 235
409 670
1000 990
345 536
862 779
332 818
668 692
64 836
798 19
158 242
696 565
894 696
219 480
366 113
78 421
815 820
129 110
509 631
882 243
77 851
940 471
800 706
263 723
513 732
18 146
113 16
48 901
839 257
695 893
38 32
537 922
96 913
406 708
994 905
796 468
304 954
247 890
503 492
618 669
308 750
921 681
321 877
326 510
577 92
463 819
568 265
188 165
805 100
991 265
905 598
550 312
329 132
457 95
118 798
653 1
641 985
549 240
495 608
206 493
79 97
559 427
710 77
165 584
991 956
850 320
671 818
552 458
846 300
426 731
558 96
707 614
245 683
987 406
864 91
296 535
499 48
137 533
689 32
379 582
487 563
608 80
849 282
23 717
713 315
825 721
721 864
388 561
725 872
962 586
375 931
945 664
86 690
806 731
574 583
42 700
81 82
815 859
1000 184
466 524
985 516
12 640
108 941
385 530
774 20
701 695
418 785
584 262
214 193
333 717
246 598
356 178
431 320
511 422
489 983
994 42
539 577
601 981
411 828
709 92
116 744
252 338
218 302
891 13
428 773
839 485
927 316
846 727
762 786
946 493
194 326
476 636
313 684
549 801
274 321
299 798
70 991
142 504
693 653
516 205
184 558
973 978
79 807
634 42
959 910
834 85
453 126
239 685
295 847
97 204
136 512
836 561
411 390
840 564
296 838
957 687
117 178
534 155
543 160
809 392
495 185
97 430
595 411
816 412
766 400
36 409
520 708
816 363
724 876
249 580
875 776
186 95
262 216
724 979
871 860
12 503
470 927
896 290
882 586
219 157
185 797
367 13
24 413
354 956
6 221
105 22
815 303
822 83
474 453
347 113
721 844
841 395
880 373
389 380
524 489
764 998
176 327
272 810
55 721
48 257
780 722
293 609
313 163
170 252
975 913
66 855
212 919
873 827
983 426
289 154
845 389
649 362
564 339
51 384
839 48
923 861
901 4
515 646
544 271
172 704
467 688
361 800
473 71
844 82
955 939
226 793
445 249
7 153
138 707
912 754
181 559
493 781
777 488
282 918
601 236
434 253
435 172
56 311
644 88
972 381
834 570
226 123
544 92
1000 526
783 439
143 532
923 48
675 947
288 991
843 377
37 130
511 223
149 568
649 512
357 677
433 157
808 127
93 235
41 848
121 226
175 389
199 515
718 529
266 966
249 774
194 216
590 591
936 850
194 979
95 337
335 880
429 395
665 165
98 980
462 109
104 521
249 608
242 683
349 709
43 422
461 907
648 345
93 704
910 995
665 368
997 11
582 671
290 503
608 358
627 2
5 943
613 251
708 193
30 493
752 849
270 412
552 877
171 169
209 382
137 489
359 772
311 929
493 62
613 989
691 575
407 810
310 655
441 716
560 888
687 555
100 887
483 73
195 605
888 685
94 365
650 52
42 200
902 594
118 375
778 580
835 397
322 328
491 323
365 294
78 949
763 255
247 774
144 903
65 411
433 479
565 478
787 972
718 800
365 584
860 581
948 633
399 123
844 570
629 316
645 551
545 755
326 204
420 385
314 652
901 389
888 745
210 813
266 619
31 809
857 562
822 556
388 232
129 305
865 15
168 329
297 619
876 393
262 705
474 633
735 582
153 36
172 256
45 14
922 272
510 975
48 141
31 476
324 106
597 679
650 678
611 553
270 687
716 939
879 361
721 891
869 131
580 202
842 717
982 46
608 258
241 367
593 210
370 77
371 732
906 241
980 962
266 905
359 808
15 44
777 35
320 632
321 209
64 690
659 249
643 668
181 837
772 312
459 111
482 452
247 196
892 287
52 982
859 462
364 928
520 288
919 424
654 705
649 156
778 632
174 609
914 104
863 31
83 553
624 835
912 683
934 254
593 952
614 866
374 491
45 91
930 881
496 213
29 630
5 619
620 38
808 168
457 94
594 649
499 759
923 361
645 71
418 595
643 118
519 987
629 50
760 319
478 518
653 636
385 36
59 77
280 782
323 848
569 904
969 166
914 865
202 607
976 646
404 247
666 206
279 689
854 891
992 461
339 410
289 689
866 372
148 252
171 309
570 405
718 5
571 190
281 390
245 893
746 306
324 364
422 721
166 367
464 103
928 566
746 325
195 473
704 470
937 680
609 603
888 179
149 488
438 421
986 103
234 640
21 387
612 509
596 986
423 846
686 816
891 302
659 164
146 433
934 350
937 586
955 785
722 764
801 139
234 254
660 826
242 409
246 369
946 539
704 608
825 366
973 542
227 388
246 480
856 340
928 97
89 427
770 668
643 406
493 697
829 447
26 444
713 86
670 657
958 618
715 56
611 123
390 836
155 193
827 563
520 137
457 86
690 552
605 506
418 516
951 658
359 381
317 990
467 49
819 260
662 686
623 998
837 912
576 31
471 505
254 570
790 118
633 211
944 674
266 946
28 821
547 287
59 105
991 800
888 511
176 280
505 561
609 276
348 312
776 909
952 336
798 334
836 5
675 129
280 634
695 194
451 747
368 833
335 723
727 237
431 912
603 419
713 423
560 478
530 762
198 788
120 972
214 226
713 641
678 669
384 691
975 769
467 706
937 422
117 910
375 309
910 499
235 575
593 341
596 732
632 781
928 30
468 847
431 69
783 144
736 983
787 213
679 355
222 474
973 514
578 82
961 90
784 573
929 676
458 244
208 531
264 261
268 373
605 572
930 838
718 965
990 110
957 127
444 22
84 253
231 382
162 835
397 168
518 848
743 483
800 405
291 778
149 680
723 783
193 572
927 377
291 155
477 252
814 37
818 152
965 71
112 571
81 588
248 75
903 166
154 931
124 597
875 759
254 240
796 813
580 320
580 525
285 380
828 409
2 670
978 135
817 259
86 648
234 407
864 275
902 388
618 305
837 593
346 156
55 564
976 251
138 160
975 1
290 359
399 59
147 210
748 678
455 791
551 133
39 322
96 681
260 482
687 581
237 15
935 187
424 747
463 650
38 192
621 466
490 852
566 637
550 911
571 803
623 602
516 96
240 81
810 325
773 863
170 676
942 702
924 477
130 342
886 107
580 962
763 476
981 297
288 534
53 794
61 319
874 434
197 431
128 682
715 302
415 393
58 662
370 429
816 470
745 560
62 810
448 970
189 221
282 321
870 102
586 819
969 137
805 531
793 123
334 21
483 893
300 93
999 349
675 123
309 729
20 812
457 590
719 866
392 651
581 909
711 978
897 70
935 650
362 708
870 308
348 340
347 297
720 333
4 542
149 467
872 408
377 798
125 980
53 119
381 586
275 37
459 256
9 241
907 536
937 238
752 717
934 307
242 227
85 311
825 224
441 751
740 501
172 649
530 375
470 354
271 375
95 19
688 759
691 312
734 506
667 291
170 265
186 914
51 6
537 851
899 852
528 634
433 506
515 772
827 534
316 17
482 777
161 804
390 224
884 604
352 357
513 933
502 511
909 149
487 105
143 877
334 292
960 147
390 522
567 974
719 179
131 698
577 670
870 773
525 470
620 852
253 797
382 99
954 352
77 463
810 780
409 941
926 650
999 496
103 319
55 440
737 193
594 202
796 321
980 547
249 543
68 37
860 9
625 916
239 188
133 623
63 994
393 754
347 23
310 153
315 757
778 231
172 154
211 964
945 744
768 945
972 689
259 806
427 108
301 587
394 383
12 642
971 619
399 194
627 509
77 996
508 112
423 248
744 191
446 171
232 83
713 740
697 239
20 260
760 585
523 359
281 848
789 855
656 772
722 765
372 902
178 543
711 395
90 371
143 495
402 87
166 4
596 697
189 381
419 676
912 648
360 981
743 350
326 318
697 314
97 518
811 334
209 752
374 42
752 294
951 862
505 340
373 994
139 886
87 332
847 526
518 986
154 281
740 237
446 961
438 593
311 477
481 168
66 684
909 40
378 874
184 671
956 5
596 236
407 863
265 866
483 431
252 584
735 763
296 840
830 645
407 716
362 253
35 229
664 755
681 699
577 634
652 108
671 784
141 497
76 862
239 498
791 411
225 320
827 861
619 368
270 842
785 550
313 317
601 943
703 528
851 357
582 407
620 606
408 509
435 970
112 845
667 695
310 869
884 266
759 910
323 250
20 58
630 921
388 934
426 241
402 32
235 636
284 759
930 161
968 884
43 120
318 434
836 331
146 259
312 103
502 814
178 688
379 17
622 79
345 225
695 641
437 689
95 949
856 531
307 861
470 315
53 321
517 50
576 658
542 563
227 82
688 544
256 668
386 711
593 741
303 126
145 116
735 27
244 550
834 376
982 672
344 244
491 391
554 875
723 560
856 677
264 405
50 442
252 820
308 966
921 533
503 869
714 228
143 820
365 644
292 963
676 15
469 791
663 716
435 9
962 972
581 118
164 585
788 560
675 127
710 693
992 458
367 434
777 690
191 545
855 345
547 24
710 745
266 24
506 901
215 111
293 801
77 74
688 49
758 362
466 579
530 844
343 139
24 153
355 713
592 318
455 308
552 879
55 932
151 677
464 447
543 659
303 478
275 121
743 924
858 18
90 440
91 993
493 973
220 779
773 43
522 877
635 236
599 265
359 996
786 166
116 795
915 438
22 668
313 520
209 687
374 227
85 116
584 909
821 928
853 127
69 544
734 293
789 903
887 336
505 82
433 477
622 679
166 441
761 257
444 59
373 75
389 726
912 269
572 319
131 931
648 279
170 967
971 353
421 598
423 40
724 81
282 428
339 53
585 781
567 997
754 920
538 157
611 993
190 433
818 189
323 745
386 305
283 363
758 995
493 918
230 8
470 763
676 946
510 232
187 199
870 120
194 761
780 848
983 955
841 838
769 225
241 690
920 371
439 675
508 136
384 48
607 952
85 754
836 94
324 266
125 895
419 534
58 186
901 646
703 782
138 154
121 962
967 645
555 271
574 569
404 273
891 407
375 254
51 732
652 347
821 448
879 190
555 156
648 522
879 783
722 391
242 502
71 450
712 433
548 799
398 418
679 119
350 955
521 365
841 559
942 799
963 768
123 111
906 250
821 226
125 565
553 540
769 591
561 749
144 711
532 989
695 894
179 463
866 931
782 17
711 85
289 685
201 660
808 396
365 409
169 438
579 767
867 312
939 743
230 744
891 686
327 339
274 634
884 605
634 388
27 862
176 564
799 468
265 837
713 698
923 280
304 328
747 60
714 399
241 995
992 805
495 978
757 491
580 596
345 957
62 786
163 108
291 35
789 288
370 600
776 693
48 220
525 294
267 58
884 17
228 989
245 601
234 202
822 475
881 829
608 83
680 416
719 833
889 622
638 915
766 164
702 652
621 964
180 702
919 917
556 49
152 407
212 783
871 616
674 36
947 648
915 818
962 363
708 795
394 463
927 571
842 961
919 891
34 681
882 101
359 945
798 703
468 710
167 468
981 896
696 16
186 670
471 930
313 576
811 321
722 796
192 831
800 62
564 15
944 374
808 473
972 340
80 612
721 430
669 724
448 472
123 710
195 821
35 680
951 974
53 703
771 380
516 751
878 295
965 702
841 480
397 130
201 769
679 556
277 604
212 135
563 553
931 755
827 930
844 636
792 991
1000 834
710 29
970 934
277 318
560 694
870 855
755 565
148 461
663 510
885 186
889 191
482 767
514 802
344 708
328 201
435 815
534 9
383 685
811 660
447 704
432 103
585 39
552 312
522 464
885 476
244 468
818 423
417 262
36 504
646 881
941 299
410 661
565 591
172 895
409 603
301 541
677 918
751 229
648 740
404 346
337 969
212 803
964 370
68 847
285 371
219 301
534 548
978 198
902 184
996 163
55 419
122 528
621 714
453 900
440 29
369 73
996 50
389 172
910 326
103 964
753 291
492 273
537 876
284 263
437 545
369 171
133 312
815 444
302 609
216 226
568 119
640 644
256 669
703 363
246 450
961 220
669 643
934 181
666 575
313 717
758 425
960 272
298 411
781 350
486 556
621 159
532 752
592 545
296 120
630 151
23 511
705 204
677 110
914 336
364 287
240 789
600 85
766 582
365 643
405 284
813 456
512 870
514 268
130 5
405 397
575 865
615 948
735 80
454 84
485 194
1 272
737 46
595 440
408 270
157 621
340 549
699 905
326 528
93 827
663 371
957 914
512 563
181 392
423 383
278 582
634 624
284 903
270 726
718 208
186 481
974 126
405 833
392 608
745 150
138 76
447 474
787 569
113 556
855 446
648 640
426 210
118 756
379 222
125 974
146 725
730 802
423 131
56 154
644 507
721 10
591 646
151 533
564 306
19 127
755 393
350 879
21 981
333 611
541 30
88 666
364 959
365 146
134 751
382 864
416 768
682 487
302 327
903 909
99 139
616 383
264 340
321 901
684 954
697 738
992 734
937 51
79 762
260 800
691 508
654 240
583 58
19 571
347 966
387 447
213 559
306 53
14 706
326 176
240 817
552 119
28 554
502 401
175 309
586 460
519 499
733 363
438 905
206 541
225 60
936 214
596 37
282 209
747 83
583 489
969 420
315 47
192 338
619 29
582 163
548 23
346 773
89 974
278 997
352 40
885 370
279 569
796 709
325 299
182 172
556 409
296 575
512 543
226 937
328 912
372 855
57 295
793 155
798 132
160 552
695 260
827 372
371 816
690 900
858 290
768 70
660 92
224 542
99 666
485 361
512 91
622 298
402 847
973 132
99 747
100 48
928 267
161 412
604 608
579 162
881 446
898 196
204 165
655 52
886 905
498 966
796 417
212 680
85 166
816 570
311 676
627 607
212 287
194 382
964 782
181 612
568 414
970 350
630 172
188 503
276 419
688 983
888 554
247 517
947 243
677 38
663 247
39 825
84 934
449 253
487 107
576 54
784 312
524 814
616 791
177 221
495 989
81 633
483 957
563 673
404 771
280 785
390 298
319 400
690 356
927 81
875 800
501 294
676 983
366 981
225 427
675 25
823 945
92 189
681 904
922 346
522 396
336 375
486 493
513 199
608 195
371 927
924 671
690 985
495 262
225 742
195 474
194 850
345 489
767 682
556 961
168 727
462 612
232 85
530 548
722 616
336 179
526 520
342 121
554 305
785 378
246 709
839 336
109 51
919 600
706 7
249 464
335 560
168 641
482 86
869 602
904 907
327 162
667 257
834 274
378 918
459 763
246 129
801 564
966 142
131 109
228 830
14 698
572 224
352 259
743 329
982 983
987 699
383 334
261 984
761 26
184 513
508 932
213 651
992 194
295 681
370 254
245 282
158 739
132 986
975 424
580 472
197 314
883 265
978 15
539 108
157 188
432 247
2 697
902 268
334 194
46 566
216 905
248 473
175 918
950 24
280 186
210 455
301 540
893 194
859 990
72 316
695 332
241 347
560 465
156 388
531 662
475 838
151 643
498 221
774 53
446 847
208 124
234 739
473 584
110 54
648 963
479 135
190 78
342 723
428 625
891 188
861 884
964 672
414 641
623 365
367 675
284 181
839 453
151 839
84 282
674 636
235 862
297 509
164 466
346 541
60 259
916 430
276 48
265 593
826 914
296 121
744 631
874 714
377 114
748 39
605 426
678 318
348 693
700 450
97 883
740 963
46 180
486 783
433 145
681 507
496 767
942 498
802 641
860 550
839 926
934 630
595 458
153 163
995 612
559 367
653 214
965 68
527 717
839 559
270 949
714 343
366 546
607 672
296 580
284 785
301 205
505 978
414 500
383 977
23 640
46 739
358 273
720 582
224 789
689 855
711 888
243 352
873 249
11 294
786 736
806 743
205 228
155 947
103 773
882 200
564 396
397 547
34 895
664 474
248 899
123 69
587 701
220 773
282 724
865 869
613 699
193 32
468 878
830 180
298 493
900 888
226 783
434 157
10 988
156 882
527 877
394 939
260 944
987 965
183 728
799 498
286 707
32 558
606 8
24 257
850 454
300 939
727 780
163 485
844 788
884 793
796 599
179 591
145 547
700 187
261 673
391 34
361 461
414 321
110 592
537 466
441 485
256 873
603 593
900 66
699 98
208 455
776 112
765 253
533 247
682 723
573 758
279 911
798 133
695 778
509 784
836 495
450 190
649 233
272 886
423 209
262 849
891 425
29 122
35 739
967 532
125 977
552 845
111 290
380 257
255 919
735 409
510 900
298 28
636 50
489 911
934 385
207 705
632 729
194 460
303 210
753 123
809 825
496 236
614 35
170 357
354 134
566 719
421 413
386 653
400 350
504 598
838 719
696 340
299 167
705 26
669 639
139 732
895 265
966 163
839 179
776 379
460 764
942 328
523 998
799 577
502 323
36 947
704 258
97 187
80 823
590 8
942 443
343 860
709 340
322 876
966 77
936 240
149 749
353 898
814 241
400 136
98 48
344 635
995 802
336 955
478 522
855 383
343 664
580 349
979 912
983 1000
784 226
641 367
278 668
229 354
84 603
837 355
548 234
966 521
607 777
868 527
132 660
692 943
655 536
656 714
93 682
966 811
115 357
52 370
164 916
312 223
974 337
975 952
834 828
893 287
398 269
219 368
266 663
366 385
650 154
389 182
707 455
178 651
251 67
158 397
864 762
378 322
820 157
490 792
604 756
539 575
887 71
449 21
13 940
716 109
460 435
924 98
247 853
263 976
839 113
933 77
772 205
900 410
740 601
526 683
810 427
64 25
727 982
193 443
123 550
822 974
326 249
454 450
202 443
900 696
315 136
525 21
853 760
639 139
469 655
648 983
183 945
884 802
131 778
171 841
188 873
654 634
567 815
589 819
954 400
610 270
244 48
580 586
470 694
77 496
211 59
92 19
573 604
262 221
409 831
998 203
799 14
603 665
823 916
440 739
702 735
44 29
599 845
176 237
172 889
48 439
731 257
346 132
898 751
538 518
869 40
163 727
595 568
540 582
509 570
517 797
902 841
757 439
119 191
708 904
488 363
860 707
851 896
925 409
749 181
521 52
869 748
193 91
583 818
996 766
80 435
445 101
339 734
213 249
235 849
770 636
576 947
170 716
635 400
205 175
491 591
18 776
537 776
644 980
957 123
818 803
89 677
933 498
117 127
597 837
600 87
467 96
309 781
386 629
296 920
656 168
133 692
128 625
715 663
220 239
80 910
248 224
193 673
828 349
899 900
776 736
210 100
340 551
70 504
474 529
846 361
633 348
82 42
945 104
567 209
881 874
737 270
765 910
923 657
873 478
90 976
860 204
661 13
935 738
594 32
812 111
741 351
335 514
263 289
581 806
693 412
106 326
440 366
964 99
774 183
668 686
318 371
980 836
198 997
925 182
882 374
241 326
924 631
119 381
271 968
879 167
481 800
768 154
517 881
518 458
655 231
747 910
292 256
882 939
350 877
702 134
243 735
89 197
967 230
442 927
494 588
181 360
264 199
304 916
14 55
786 52
904 898
960 719
868 456
895 913
184 397
57 641
562 670
464 909
965 739
53 757
222 212
667 121
66 608
486 857
678 347
980 87
430 112
589 921
460 959
944 512
121 129
892 922
16 115
20 603
93 123
790 67
931 472
244 249
671 336
747 226
395 201
513 430
674 468
970 847
935 979
383 662
426 737
427 696
582 304
352 153
483 865
33 562
340 938
55 449
889 599
945 997
231 512
34 220
968 782
510 457
183 445
410 13
81 223
890 927
267 846
81 432
579 505
119 464
120 498
968 800
73 924
167 126
24 248
388 889
81 505
935 354
707 93
411 520
603 28
768 247
56 201
897 405
261 6
856 944
487 46
548 794
728 996
838 915
910 316
78 760
482 449
911 381
765 514
161 764
632 841
377 350
602 353
469 182
244 865
493 720
131 341
833 83
892 506
118 846
112 44
610 807
615 570
853 385
433 510
217 423
532 682
274 742
206 573
93 41
540 205
961 800
692 944
207 181
559 448
266 697
943 865
288 677
205 948
678 196
822 525
664 667
496 919
707 735
619 507
158 639
185 553
776 696
707 620
804 238
533 808
992 6
367 390
59 945
611 764
850 92
978 41
742 86
951 422
953 413
93 658
594 89
483 746
671 239
825 731
590 981
872 730
232 185
986 334
253 349
55 715
114 133
422 714
868 878
462 763
87 218
972 828
594 266
797 423
191 104
214 822
609 975
7 522
1000 92
319 820
751 785
476 933
369 51
815 564
47 926
485 621
752 636
604 757
847 839
169 868
795 936
359 553
820 13
365 344
115 945
429 571
910 58
930 716
568 444
36 754
229 283
991 474
648 500
98 23
709 533
965 699
232 940
268 428
35 395
272 55
127 17
560 730
122 371
308 780
22 118
923 505
926 968
983 681
819 696
162 353
221 238
463 337
763 855
140 852
125 370
533 987
846 274
903 185
617 714
339 460
984 535
436 626
275 564
348 134
214 571
620 602
694 241
989 395
423 293
405 810
10 154
730 525
712 48
97 601
453 734
487 548
708 404
637 106
73 752
752 988
664 34
977 109
336 115
742 1
897 428
114 56
721 96
632 453
464 471
7 985
411 752
51 537
858 139
38 817
994 603
411 865
947 595
843 674
821 548
960 966
326 968
489 838
146 33
386 592
815 441
429 654
156 74
764 279
929 718
839 455
677 440
952 153
311 750
761 527
99 144
965 637
639 618
187 533
448 39
771 349
916 786
829 79
813 970
425 793
778 799
818 800
197 293
760 773
294 565
558 998
406 83
463 102
619 788
173 592
107 56
679 674
793 727
818 2
656 169
729 485
841 227
71 562
979 622
44 446
282 455
581 225
429 116
69 29
953 650
970 808
239 429
511 392
107 878
225 247
706 894
231 825
508 386
359 3
576 286
301 203
159 189
145 871
22 799
756 31
439 861
278 581
284 898
306 690
474 304
534 266
613 259
334 220
409 651
284 561
177 679
204 345
823 872
789 936
37 947
21 286
138 218
633 807
346 153
163 613
458 895
564 303
821 488
878 251
686 770
566 340
312 7
846 964
388 164
503 227
677 634
91 997
351 63
397 259
630 421
450 655
659 282
299 958
964 405
864 33
283 450
502 202
31 608
969 743
731 960
435 319
37 223
938 682
396 178
986 702
607 194
50 152
667 233
351 512
905 652
635 939
815 679
326 198
239 739
330 269
828 28
794 156
297 476
249 955
323 604
914 625
549 342
642 472
550 753
476 102
956 184
704 129
943 930
68 296
585 130
894 148
804 100
421 948
228 598
245 720
317 739
598 860
537 464
584 640
392 801
31 474
289 687
989 322
224 836
393 729
945 996
327 960
453 517
450 269
569 705
751 169
648 720
578 561
704 764
119 467
154 725
930 114
859 24
181 60
578 672
9 363
275 220
449 70
532 17
427 402
863 577
798 820
940 640
531 859
237 134
430 893
947 651
53 276
762 470
476 881
187 782
591 788
298 173
134 575
56 407
679 337
286 278
351 160
133 381
799 924
375 318
657 883
471 779
496 125
26 418
49 963
411 228
857 84
235 792
787 897
627 894
919 132
762 987
781 355
624 968
878 557
383 113
653 979
352 651
34 614
889 468
174 948
50 126
178 11
870 988
799 464
968 435
675 734
306 167
593 669
983 644
509 285
719 190
465 735
466 48
528 59
34 326
715 559
331 806
462 60
876 634
419 331
395 466
17 906
92 184
958 655
758 749
707 909
505 889
966 926
861 366
96 298
996 341
669 473
858 402
551 917
964 88
161 83
270 431
924 952
347 441
555 252
351 337
542 394
341 203
80 171
298 254
27 468
191 329
190 657
908 714
971 641
809 795
772 425
667 663
99 119
394 783
569 642
290 876
903 982
316 236
448 476
400 351
572 413
924 258
563 194
395 596
782 864
913 23
435 375
646 782
538 396
188 5
886 84
563 115
356 979
503 668
386 32
185 172
706 633
714 92
154 660
315 251
541 809
468 459
71 734
827 132
166 822
480 41
528 39
350 763
197 132
249 901
607 585
176 897
931 51
146 809
73 287
918 799
801 500
930 110
37 781
805 40
674 354
582 539
667 36
290 123
399 271
43 337
899 47
107 854
436 768
945 442
163 705
307 334
996 216
888 626
753 453
56 787
702 398
960 825
356 206
513 883
164 793
701 930
425 307
947 594
835 653
346 855
873 606
468 742
270 84
332 309
703 262
27 289
389 842
817 903
821 855
218 444
408 952
9 895
545 797
450 731
568 490
735 6
807 693
187 532
350 32
61 51
726 847
88 79
273 195
607 88
188 442
80 723
896 955
491 11
364 283
921 536
254 401
639 216
53 945
595 350
174 95
430 197
434 824
163 458
348 982
349 395
443 74
889 238
267 408
127 874
990 428
54 926
945 29
547 289
877 796
785 628
93 823
811 756
684 382
41 644
132 274
724 911
747 294
828 701
104 671
637 299
286 49
287 792
536 677
884 196
726 216
779 112
557 586
755 573
59 710
200 400
557 332
778 11
48 292
67 192
697 185
147 216
220 994
425 414
333 317
9 223
69 983
379 67
198 645
91 887
312 8
795 629
997 359
284 502
929 911
476 878
705 864
137 871
268 930
394 741
269 503
454 829
242 475
705 785
613 696
173 859
66 813
914 127
204 867
196 787
285 766
201 739
537 889
916 832
131 136
580 953
32 42
754 544
98 476
906 744
652 493
389 721
126 798
913 991
587 128
738 44
631 731
553 664
712 855
607 338
130 114
921 357
983 739
387 708
610 325
404 900
64 353
33 982
470 653
35 160
650 294
387 639
96 4
15 851
182 160
183 153
376 807
837 396
548 241
371 34
516 855
958 656
615 267
780 988
674 315
486 453
513 255
785 882
128 155
275 732
298 711
7 237
731 167
91 4
128 10
807 330
459 472
647 413
944 172
209 879
587 804
751 25
110 147
312 198
848 264
422 319
498 145
11 468
711 639
473 373
932 852
994 913
103 254
527 947
273 702
691 439
907 623
492 341
57 848
496 144
403 316
189 104
830 117
815 387
748 934
193 1
86 634
970 459
430 321
355 298
30 799
568 418
688 971
1000 592
978 592
600 98
710 155
239 657
848 656
709 337
969 508
645 661
740 789
562 117
144 422
182 354
572 62
315 79
456 547
616 938
232 450
31 155
326 973
241 887
96 94
619 369
779 333
926 652
653 364
379 737
966 765
842 423
537 435
392 734
376 813
880 717
93 656
479 747
760 915
957 839
75 990
712 22
196 143
381 149
572 610
542 862
181 42
637 59
507 355
470 853
313 30
521 577
258 873
450 129
256 330
4 760
122 761
30 300
147 16
778 338
925 1
394 603
893 397
102 398
917 303
424 538
62 108
523 490
4 388
801 140
506 378
627 654
601 879
434 382
401 143
700 613
296 355
403 713
925 724
89 428
52 800
532 618
207 154
856 458
800 662
666 599
430 460
178 93
268 852
600 126
502 418
487 58
553 72
455 536
496 727
562 419
667 208
580 663
562 390
305 951
303 676
326 783
364 470
975 150
429 14
729 568
914 666
11 753
131 668
93 978
406 164
888 6
941 4
615 109
358 414
732 143
607 729
497 634
467 913
429 321
12 495
354 400
367 21
632 122
870 404
874 263
341 682
453 732
223 714
849 143
375 10
566 44
932 910
402 753
354 521
929 957
744 16
82 939
66 36
692 272
285 838
12 898
19 102
916 728
648 854
702 233
406 954
597 413
501 488
946 679
489 836
981 847
495 695
916 591
57 874
28 31
1000 344
194 307
363 392
368 482
204 888
316 770
902 761
100 953
32 201
38 499
251 137
302 324
361 776
507 867
199 836
455 734
717 647
611 156
264 411
1 728
947 785
244 962
689 587
429 848
978 683
597 819
398 219
286 634
328 268
241 989
202 301
221 95
906 679
598 113
491 953
920 599
361 469
475 333
205 348
850 147
318 901
997 769
659 869
949 621
381 123
163 184
677 334
590 881
205 312
794 378
707 951
513 146
931 191
254 842
42 602
555 724
637 411
361 128
417 150
647 440
150 752
579 286
805 453
176 283
341 575
676 600
555 281
459 396
546 60
144 918
254 695
817 209
705 581
200 136
464 437
333 185
820 818
68 575
947 968
648 995
373 608
299 261
311 814
954 555
630 520
626 547
134 593
947 734
90 309
734 762
596 767
647 909
423 642
783 253
640 613
299 944
216 114
216 926
970 295
75 137
682 371
4 155
889 333
563 140
88 44
415 707
183 679
256 924
921 586
343 829
736 583
292 493
809 157
594 669
478 496
45 723
448 803
71 387
116 280
558 883
282 438
287 187
35 210
292 195
244 196
82 235
979 11
796 595
374 579
733 8
456 880
137 919
120 57
597 553
651 339
220 492
186 172
758 532
651 935
324 82
58 98
849 309
336 640
779 14
125 26
785 881
996 435
195 84
362 719
94 874
617 51
673 865
466 545
946 92
589 141
755 221
494 51
662 847
233 715
52 265
950 742
113 813
76 183
445 998
941 929
356 135
122 289
297 382
422 30
667 297
679 642
963 774
342 460
621 286
469 81
768 488
118 312
601 786
393 373
474 252
900 140
858 208
248 641
635 127
907 844
35 805
986 975
271 493
977 640
338 654
899 861
631 920
72 653
934 833
921 550
829 117
830 950
875 219
13 72
103 11
900 704
350 283
153 893
407 816
301 333
197 396
804 420
917 643
352 491
749 992
632 546
129 277
165 639
258 435
282 317
999 408
1 339
58 292
496 793
393 537
598 894
340 602
234 165
269 610
148 277
757 279
180 706
345 673
54 75
66 53
777 716
975 753
776 921
210 333
250 954
343 107
660 287
533 23
534 304
123 806
17 848
949 839
879 506
755 8
498 35
262 934
820 980
589 177
242 92
333 371
137 472
358 910
87 324
255 806
773 331
167 236
646 310
209 446
617 329
446 61
673 111
643 851
679 17
481 990
48 971
227 836
330 685
222 343
132 133
657 972
51 333
913 346
578 501
919 452
688 650
375 284
251 274
339 695
82 91
126 636
217 384
296 17
923 220
317 869
672 348
164 232
183 796
165 817
41 867
794 163
559 481
887 564
253 984
953 770
586 843
588 631
754 843
884 814
150 62
153 202
31 233
657 298
970 746
844 429
710 674
482 761
528 25
729 680
162 763
509 144
715 973
276 375
168 408
849 548
634 759
512 557
876 600
660 477
698 776
656 304
224 927
915 521
383 905
612 581
793 165
33 360
585 267
822 40
158 977
909 637
337 946
163 586
845 90
224 620
834 749
686 634
985 623
151 137
96 534
150 823
148 145
923 842
53 168
593 419
425 305
6 278
906 256
688 335
30 240
489 954
532 186
476 900
720 42
21 955
925 405
469 9
217 32
130 953
479 416
431 77
865 717
486 177
666 918
282 927
778 568
728 323
948 328
537 867
554 195
791 786
677 135
736 717
883 910
639 404
541 632
398 587
93 369
356 680
145 280
934 536
774 845
741 822
117 236
746 668
12 72
987 666
72 277
796 584
980 285
946 255
983 590
902 114
953 655
201 146
366 692
214 257
206 349
542 731
559 731
690 342
488 578
306 591
605 105
254 105
883 379
901 888
903 158
615 144
54 896
978 236
524 160
618 7
938 453
811 916
286 84
78 181
374 284
376 981
251 707
785 805
77 67
138 217
582 660
203 565
759 536
467 904
599 947
867 358
971 552
185 403
189 619
635 903
105 420
980 79
590 349
494 374
602 119
626 81
703 215
483 112
134 737
378 233
356 910
188 141
588 100
660 617
526 150
801 405
605 743
114 89
273 28
112 4
616 234
46 893
677 187
435 256
832 188
374 311
268 480
839 859
165 888
442 479
188 207
460 804
889 430
734 704
232 999
763 581
212 197
205 908
166 658
226 489
103 45
732 931
714 402
552 73
629 118
477 216
885 203
678 695
120 971
748 757
714 485
951 496
884 917
569 891
469 933
280 938
767 969
515 394
534 442
189 971
885 414
888 174
582 994
393 734
232 306
823 984
243 210
940 20
433 932
820 578
114 157
276 252
115 396
980 868
768 92
327 739
993 727
940 314
66 331
506 642
215 878
56 205
846 948
631 422
354 462
81 270
545 415
280 44
653 311
378 299
553 517
769 576
661 594
665 919
481 546
657 999
948 226
218 451
915 475
420 923
804 165
96 939
740 332
484 514
757 527
423 737
361 822
969 567
641 266
718 922
745 984
255 734
286 774
605 636
168 97
779 899
282 233
691 79
441 586
790 240
430 771
71 759
633 62
689 892
743 1
376 81
263 897
491 755
628 327
372 133
85 972
493 779
858 716
859 701
258 722
41 706
704 398
287 845
110 480
857 53
918 993
650 323
903 119
409 727
798 347
33 323
659 755
698 87
920 197
604 141
831 358
210 957
937 663
973 209
702 401
225 873
299 430
800 649
51 513
909 308
414 909
751 940
533 345
94 609
294 359
242 172
152 700
885 950
834 936
427 258
108 581
132 213
743 989
997 445
247 50
548 905
532 278
551 474
815 147
164 597
78 843
445 92
861 724
843 105
359 311
136 349
467 365
13 137
472 469
917 851
350 474
154 353
72 682
794 551
292 471
476 404
939 824
465 909
282 845
784 775
359 489
456 728
753 678
528 380
891 560
758 475
480 622
457 242
960 247
743 212
912 106
845 644
719 159
166 821
704 204
192 400
600 269
983 538
968 337
966 332
382 391
348 19
168 409
277 25
854 813
90 598
918 786
553 17
721 809
208 388
975 724
512 332
768 998
591 484
884 274
298 669
371 833
266 511
931 483
538 515
472 632
910 559
18 415
551 779
533 268
57 67
555 332
80 108
724 798
47 600
564 438
748 699
638 739
290 715
100 246
265 415
489 953
455 148
176 513
460 238
78 645
873 579
739 870
613 641
856 650
947 885
880 304
109 162
553 380
576 537
408 955
668 41
692 167
910 26
539 316
27 64
527 791
910 133
179 189
342 603
951 555
351 923
300 671
528 698
182 460
643 155
148 795
330 130
774 947
863 677
317 904
255 204
991 728
923 296
547 452
966 398
988 370
182 441
687 288
266 972
50 871
372 796
552 509
625 665
281 9
652 8
818 352
12 175
822 376
435 784
475 335
883 378
646 554
650 569
147 672
567 44
660 498
533 876
224 140
771 571
798 885
575 59
582 491
840 22
20 896
96 358
760 973
997 928
121 661
124 332
654 919
427 443
54 163
366 241
846 191
578 553
445 766
372 514
431 959
215 980
262 879
727 121
473 286
826 282
133 978
835 200
358 855
930 332
125 952
915 224
720 120
422 496
617 529
246 660
7 590
377 619
768 270
109 100
381 671
90 380
976 417
687 573
65 198
82 796
949 302
364 950
716 35
166 68
792 563
549 653
697 378
551 371
649 255
668 13
921 110
339 641
302 503
943 542
13 832
330 964
723 615
631 950
639 411
16 315
969 747
36 822
74 449
662 710
899 240
293 161
344 644
191 838
35 502
217 511
754 686
277 413
960 17
247 687
620 75
406 226
282 436
157 808
69 108
864 364
634 330
945 173
162 689
288 892
642 71
625 645
2 934
691 308
83 177
908 390
893 832
340 576
418 918
149 38
991 867
348 366
785 742
220 413
975 461
493 468
771 676
669 497
816 11
390 242
428 321
414 60
16 579
276 253
834 675
840 900
253 293
993 726
285 234
103 807
713 759
971 471
447 489
384 709
115 87
299 466
856 949
354 933
748 643
103 948
345 176
330 548
412 322
424 545
42 112
652 840
302 561
69 746
949 342
517 114
520 298
44 6
887 494
963 550
359 657
730 295
951 845
476 659
874 687
244 759
522 619
635 494
416 658
400 375
255 465
130 640
577 41
463 772
619 946
872 740
877 502
1 661
753 808
369 551
925 896
144 251
164 246
19 717
349 46
477 25
343 863
427 960
106 805
344 978
936 246
221 20
371 443
248 174
448 944
858 939
784 757
36 159
510 82
420 318
314 793
464 145
979 41
267 421
698 899
319 409
969 172
305 745
382 507
312 256
629 858
447 16
776 780
427 808
945 939
396 613
399 390
970 590
699 132
665 20
59 805
79 430
45 266
708 478
107 977
740 554
37 998
560 93
389 269
318 701
300 344
229 78
33 307
966 813
767 844
76 503
521 582
635 608
946 973
400 24
232 205
786 546
414 867
756 736
258 791
378 887
725 607
906 155
301 723
674 175
743 272
531 778
256 912
792 222
242 173
830 314
99 268
601 594
191 953
488 373
289 356
137 184
801 129
415 833
489 877
678 841
830 20
597 375
230 832
351 128
523 717
640 975
967 58
511 974
904 218
776 63
812 805
924 495
139 865
377 494
514 623
878 973
848 736
776 285
207 231
804 10
525 190
981 460
107 83
642 378
19 745
257 684
776 492
743 326
690 78
340 299
415 443
879 902
625 611
240 719
168 380
334 265
904 560
175 603
567 805
783 792
552 2
129 375
681 674
542 765
608 227
410 328
710 823
287 2
491 623
872 910
547 150
932 324
116 231
458 638
337 150
492 822
400 588
220 371
160 760
505 793
146 967
976 890
996 373
428 265
90 792
197 708
897 310
609 524
920 81
958 905
778 19
411 582
506 584
713 574
551 778
777 5
226 603
869 419
183 14
88 616
724 700
694 822
398 499
399 94
720 157
95 815
262 674
51 397
87 475
458 393
857 325
714 710
22 649
204 228
421 929
530 180
161 703
712 745
844 468
496 42
985 987
47 159
303 1
605 641
914 166
331 376
278 321
765 807
91 542
933 107
536 763
645 423
903 839
62 232
643 154
95 385
23 100
193 409
691 134
623 927
274 954
177 141
190 838
332 469
756 223
310 355
918 98
775 687
978 313
814 51
690 453
857 588
822 718
386 290
426 759
687 400
949 629
106 31
272 325
680 322
828 714
398 990
745 380
547 178
486 322
758 702
524 162
104 643
493 495
864 141
516 782
25 813
105 255
34 37
152 424
7 794
89 447
110 251
384 843
918 648
851 727
267 518
159 764
403 70
709 548
318 87
69 979
160 849
753 374
864 713
4 834
407 380
355 942
29 177
964 636
512 149
416 58
184 198
773 18
422 64
954 12
726 18
416 937
968 710
623 398
956 531
811 368
860 188
874 996
543 841
363 361
950 837
478 74
904 61
812 862
463 946
66 856
984 203
593 585
832 271
979 464
173 633
563 145
486 704
753 881
490 655
80 512
352 740
762 51
686 480
732 671
804 316
449 551
425 649
780 261
726 651
965 783
705 450
300 930
230 295
706 681
840 631
698 637
642 628
572 22
149 835
25 461
581 192
619 21
948 785
794 443
651 286
634 698
211 359
139 194
675 404
549 435
931 510
558 451
281 149
779 434
799 63
234 223
188 764
485 46
488 862
202 768
906 898
837 682
911 439
841 687
533 97
424 885
993 612
64 848
194 771
437 429
612 381
168 942
461 279
95 498
158 265
731 89
879 193
845 497
846 954
560 367
409 227
18 375
113 947
800 845
130 972
350 819
77 681
960 515
338 875
411 989
468 794
806 198
319 589
145 154
643 423
938 873
283 25
141 225
498 257
990 925
740 684
835 880
947 74
785 91
398 918
790 404
905 578
64 509
838 480
164 247
3 179
170 928
265 844
305 911
412 997
487 99
33 764
641 582
534 139
187 28
850 308
206 290
875 907
474 544
864 504
215 347
837 364
433 1000
35 261
571 80
55 291
989 967
840 440
141 397
950 52
534 311
997 999
674 458
837 654
161 229
551 912
219 427
759 557
6 15
345 497
806 550
882 184
684 134
691 930
308 146
769 640
509 559
729 593
722 608
171 234
617 334
156 350
910 371
15 21
660 862
995 329
869 352
673 486
950 995
437 724
204 193
298 138
548 88
359 551
658 410
200 872
611 390
946 579
647 982
782 75
606 399
18 908
769 844
365 483
921 741
459 866
632 986
246 110
279 655
123 721
625 183
308 581
991 448
574 376
597 57
892 651
397 185
133 292
518 867
575 918
338 403
286 755
213 945
783 581
164 235
794 174
846 748
999 219
69 146
451 371
258 483
463 430
682 34
528 397
966 307
696 48
241 902
611 544
281 51
608 914
233 298
604 303
16 192
714 315
488 966
684 663
906 745
177 467
662 212
508 491
716 768
210 157
928 784
927 194
383 906
647 195
372 441
928 655
600 732
490 563
890 362
931 276
716 998
932 571
37 921
251 681
953 157
858 550
902 38
520 424
147 195
636 887
798 998
32 257
385 763
479 143
450 564
48 539
437 975
843 856
991 424
594 533
555 108
959 774
138 612
507 847
787 113
751 672
274 100
972 147
612 250
174 565
344 416
139 831
363 285
424 423
78 980
653 778
493 589
933 106
494 772
870 703
905 521
264 415
982 553
843 225
434 979
736 703
594 693
496 664
39 872
762 143
374 345
172 140
840 717
912 170
533 694
488 679
867 231
508 698
948 655
162 299
628 667
679 809
226 435
342 292
214 780
689 337
384 401
132 581
594 870
23 954
279 556
253 219
609 99
521 961
187 181
154 950
229 338
339 494
488 980
345 479
287 886
914 924
241 652
224 958
461 959
941 501
120 255
746 95
674 272
604 81
841 801
883 154
871 965
747 571
733 996
916 68
119 453
524 385
323 192
841 515
521 413
115 290
355 755
907 664
360 91
872 436
949 45
489 673
932 829
147 223
134 299
877 827
365 103
94 575
935 223
204 43
42 410
575 52
358 983
851 820
873 940
270 138
220 797
665 952
759 424
337 607
380 475
580 709
826 749
961 386
657 905
643 586
274 475
44 965
192 880
731 937
182 863
956 882
776 248
64 186
140 327
456 564
601 523
558 917
409 354
356 769
359 418
966 206
35 504
680 995
348 657
765 264
774 925
170 973
706 523
446 790
503 835
54 551
456 274
257 967
813 714
406 224
764 14
654 394
822 568
783 802
755 583
224 141
22 48
888 356
55 452
770 14
277 937
663 313
331 816
362 724
376 167
853 923
784 254
289 560
417 507
418 916
370 445
331 897
392 807
564 901
374 865
253 80
290 218
369 18
555 714
996 552
745 232
927 154
896 230
782 420
833 861
996 447
210 500
785 774
54 141
419 512
389 440
997 83
689 354
138 248
631 309
68 889
805 1000
237 862
497 241
225 834
913 491
854 279
357 325
929 76
75 647
752 873
255 782
660 980
863 591
219 521
351 379
463 587
195 263
643 891
373 512
122 960
982 58
711 408
783 63
915 111
75 506
80 340
320 483
143 269
626 451
591 899
958 386
657 885
596 398
853 25
231 469
288 178
667 429
409 461
325 648
386 547
986 749
53 722
792 862
545 155
743 463
230 742
88 187
362 294
363 3
679 659
667 203
409 239
46 244
988 389
72 201
934 551
41 916
560 644
740 786
943 991
231 921
70 281
127 856
408 230
101 637
747 199
107 292
720 841
851 229
11 986
598 965
470 541
841 927
272 398
55 397
44 162
7 46
580 353
955 240
314 232
674 344
569 630
534 308
133 423
928 723
380 1000
792 2
759 556
261 321
542 210
946 971
121 828
473 299
972 827
828 823
511 969
741 114
819 802
727 35
394 501
159 695
308 147
60 716
132 321
761 937
78 573
464 369
742 612
446 33
730 116
184 16
583 910
969 678
995 328
868 218
288 62
473 118
94 390
648 782
497 328
736 783
635 174
40 790
730 313
252 581
951 851
916 408
389 626
374 80
123 577
382 974
628 994
184 571
518 864
101 814
282 200
410 5
691 172
254 260
500 140
583 283
20 744
810 693
540 462
192 513
581 246
932 96
914 663
55 243
535 197
266 934
837 45
465 334
824 883
453 421
578 830
336 701
707 990
234 276
200 156
831 417
651 7
870 393
708 60
525 546
983 234
250 986
842 678
777 637
335 679
83 300
803 721
350 716
560 458
357 243
507 499
976 154
995 390
963 559
26 800
261 71
815 608
545 68
263 761
69 910
967 869
414 639
553 76
350 889
705 670
227 206
209 559
63 348
527 461
89 241
34 562
735 366
21 808
933 749
145 208
398 130
4 29
12 796
999 570
784 553
692 162
952 783
596 454
173 531
356 671
639 480
507 541
92 613
454 4
80 713
282 189
589 486
648 358
796 934
412 959
202 455
921 403
25 326
188 150
745 695
173 326
945 309
763 554
664 504
657 377
797 73
738 323
554 515
213 694
606 823
221 203
267 495
340 559
83 10
827 23
77 396
277 58
760 242
194 27
836 847
159 186
515 402
76 932
607 472
906 797
341 728
860 196
629 48
858 673
869 146
318 744
481 970
675 169
34 35
72 498
436 883
275 311
607 990
485 595
863 295
836 508
932 943
347 217
310 975
314 386
725 932
284 302
660 49
116 697
10 545
797 104
726 310
583 603
217 870
768 146
532 235
735 428
783 941
464 313
545 96
432 679
307 789
364 802
274 54
772 329
610 617
939 296
647 635
687 574
464 712
956 605
401 185
990 645
347 645
631 109
387 64
288 213
99 500
113 320
455 49
758 272
460 499
486 631
216 119
587 88
454 209
922 655
460 578
28 286
620 416
71 344
837 468
990 54
743 426
908 893
636 602
890 498
680 996
292 490
316 496
726 591
543 870
933 367
974 629
650 791
317 491
541 890
818 33
605 797
875 16
914 588
827 853
221 190
44 409
300 819
373 483
893 748
395 193
415 2
36 245
735 142
724 826
780 244
233 225
732 221
606 674
520 649
978 61
444 737
564 902
49 215
764 337
194 133
849 296
935 573
461 930
558 304
674 309
379 569
175 992
125 21
641 36
271 737
564 892
451 885
543 437
546 379
548 477
315 352
275 339
224 697
152 390
815 853
375 834
929 210
33 389
876 977
690 684
428 610
215 874
308 184
863 590
802 290
437 333
316 626
142 946
202 140
238 795
656 697
811 449
852 531
303 229
469 205
532 493
381 785
798 181
905 39
194 372
268 723
549 686
250 119
177 701
73 787
982 372
895 957
566 887
459 713
98 11
481 369
114 993
482 797
982 598
515 897
697 998
535 450
645 526
938 718
126 295
457 218
40 462
596 67
989 529
714 434
760 332
832 809
990 588
215 484
469 980
205 654
131 567
542 535
567 224
326 598
167 726
142 470
637 31
12 449
16 454
128 206
152 196
427 954
10 238
730 561
656 692
825 739
671 638
383 865
649 165
586 719
805 232
963 173
413 148
513 78
772 973
901 751
228 181
70 115
884 472
647 268
150 812
320 691
122 515
860 479
381 610
402 937
540 282
812 732
930 371
774 893
878 37
274 239
226 660
816 630
583 688
731 325
164 25
751 654
80 305
905 160
672 149
156 126
435 49
586 668
987 684
263 971
341 423
342 960
551 308
593 518
117 320
468 30
531 312
550 116
865 390
194 250
611 812
36 841
936 439
352 686
529 56
262 757
880 212
37 353
130 389
245 462
118 884
50 236
865 209
6 643
153 205
598 701
727 104
714 470
718 438
221 230
993 117
685 343
577 630
33 912
548 81
514 65
348 239
170 793
206 245
478 894
263 22
304 77
554 765
73 256
680 504
920 263
764 534
712 937
401 886
149 204
278 544
319 156
869 350
508 203
703 747
332 793
704 652
797 353
391 656
927 994
581 619
358 988
949 215
475 848
498 211
1000 17
53 179
626 215
368 683
430 885
226 713
778 368
925 511
618 627
105 604
551 101
664 375
425 325
227 241
9 902
618 898
454 968
401 220
989 154
259 714
190 854
433 707
786 201
934 81
277 818
169 217
929 695
363 287
456 907
722 902
606 248
4 316
767 271
631 716
800 418
801 863
807 381
834 592
514 259
539 672
770 185
771 240
548 212
322 988
567 778
183 29
495 799
421 920
230 24
452 34
834 704
805 610
419 187
276 272
222 716
595 50
79 333
500 822
466 130
949 578
660 510
771 575
811 634
1000 646
289 884
327 980
594 481
57 272
594 25
831 452
651 34
906 874
873 86
860 372
81 123
578 876
343 159
78 344
517 511
858 196
841 823
699 540
591 538
446 111
428 526
947 518
694 785
226 82
844 134
77 817
359 162
246 744
851 822
706 296
284 461
587 748
859 323
682 200
848 208
96 789
722 697
228 306
272 587
270 59
218 488
259 294
625 19
57 543
852 990
781 486
730 510
913 182
625 236
532 552
457 370
628 873
256 995
281 39
317 629
165 914
442 617
593 991
472 256
849 978
338 345
156 618
395 994
452 721
644 727
25 289
995 573
120 865
905 773
598 650
430 232
253 923
400 971
936 173
300 665
463 352
15 811
326 984
111 658
497 730
168 454
326 104
63 486
658 729
715 904
755 871
917 444
811 713
519 280
245 585
926 298
818 403
31 450
126 415
111 880
936 602
920 383
261 585
776 995
656 329
289 784
626 603
220 264
498 422
391 843
683 370
570 114
721 902
104 896
530 676
305 988
642 566
829 888
405 588
393 12
105 506
630 986
553 878
94 654
367 800
484 858
450 86
911 199
348 839
78 598
905 58
544 726
506 353
792 181
215 945
807 903
482 470
619 763
928 228
160 94
968 741
625 40
140 94
627 552
757 665
276 684
902 552
339 560
726 940
857 51
986 969
19 386
666 971
334 885
194 147
946 331
671 391
553 443
511 935
773 678
408 870
778 844
411 365
973 128
891 356
131 122
95 437
316 38
926 827
417 857
14 677
597 772
799 472
106 801
16 14
253 974
54 513
623 976
535 50
408 435
481 195
444 305
975 40
867 659
923 389
179 693
823 228
571 375
873 355
572 795
370 479
206 9
353 747
486 265
971 939
628 98
525 387
833 910
79 426
218 140
340 838
492 861
102 928
610 666
917 178
629 632
745 91
980 790
16 675
713 777
594 368
334 219
815 872
449 679
637 206
329 985
38 947
111 219
95 678
686 723
67 129
440 163
118 539
333 766
190 89
428 726
621 363
384 596
756 898
192 621
810 126
644 309
756 817
467 530
359 1000
536 965
84 265
285 526
307 106
91 707
511 970
61 39
482 220
468 31
730 438
917 862
38 345
4 345
407 908
505 22
87 996
542 453
24 786
248 496
546 939
672 338
417 869
550 343
121 215
979 849
35 259
932 19
400 900
998 31
495 917
297 540
411 895
524 965
672 560
103 112
619 342
974 989
942 191
357 997
215 395
236 392
810 981
712 859
106 438
822 256
42 990
809 868
23 625
407 168
301 879
196 91
921 84
45 362
253 391
332 794
424 816
502 537
715 880
730 820
453 999
384 832
899 784
389 15
998 525
271 111
510 891
459 199
167 142
848 952
885 917
686 862
820 212
472 890
678 798
806 291
790 932
627 706
498 705
58 61
100 541
218 277
471 997
437 565
637 508
213 30
35 786
911 989
18 92
38 411
331 239
593 720
577 203
819 178
783 279
843 8
934 161
709 596
977 706
227 319
65 392
240 946
79 667
939 650
819 80
785 32
678 309
348 648
518 834
410 103
875 153
934 530
580 754
531 541
675 670
400 992
738 354
278 897
989 83
441 945
900 932
814 497
555 483
253 654
529 982
127 739
3 571
956 499
210 237
638 245
471 246
756 96
817 172
46 750
842 585
404 44
209 60
171 602
414 812
931 386
254 559
294 454
388 911
635 556
906 204
194 170
357 302
307 633
569 398
807 188
39 22
960 797
685 544
464 26
369 293
356 377
748 555
77 641
425 160
189 327
445 189
85 150
213 65
949 381
919 405
698 761
246 395
598 92
213 50
181 532
41 481
978 834
179 111
731 938
147 525
631 909
531 371
236 411
678 198
679 539
22 890
919 232
723 987
265 971
987 694
714 186
398 553
1 614
4 416
153 874
192 128
107 31
722 626
979 163
173 168
258 422
297 596
64 377
894 157
680 147
79 179
814 962
600 458
874 233
555 59
395 80
548 106
456 66
70 292
756 213
758 623
904 369
805 662
910 863
215 145
37 973
918 590
120 397
449 436
780 939
932 638
973 86
495 502
6 39
816 927
29 990
302 855
304 424
62 968
399 252
954 773
973 39
441 942
885 811
941 521
506 652
488 399
696 692
113 806
868 82
962 139
564 363
677 692
513 691
255 920
973 265
5 119
902 783
317 293
194 80
421 199
955 883
189 363
982 424
749 115
380 506
74 701
997 499
203 19
442 953
702 59
27 225
299 516
781 440
191 643
231 470
437 783
15 242
425 975
724 309
254 158
265 918
429 460
693 655
652 393
266 732
469 213
725 318
783 621
606 64
93 179
97 176
829 255
10 729
581 398
339 111
412 993
715 760
292 159
461 512
871 501
196 307
328 331
780 11
563 685
684 687
427 823
270 888
372 306
843 930
675 5
844 505
216 953
140 543
107 980
613 322
940 246
228 800
497 769
423 25
281 512
257 404
128 413
811 240
759 734
504 198
798 910
730 960
336 363
256 587
591 733
790 613
975 818
483 208
488 378
416 247
569 55
610 669
76 33
573 705
320 595
577 104
899 896
459 905
558 647
981 134
334 906
303 104
394 820
784 607
123 725
711 44
956 815
899 190
197 573
830 970
889 270
191 820
235 908
735 971
593 806
45 520
904 727
639 303
14 362
791 901
22 157
98 271
236 408
690 75
957 125
216 800
884 821
615 903
546 650
748 356
589 808
421 994
102 169
728 712
623 763
605 30
323 235
121 417
561 813
340 901
509 26
456 154
976 593
189 924
326 84
980 597
781 202
97 109
79 393
724 594
451 46
290 112
110 369
116 898
190 393
640 166
755 237
798 91
124 4
804 346
272 937
170 236
172 914
198 662
809 563
238 247
61 646
940 399
505 388
967 870
345 243
994 704
85 241
346 719
165 265
900 188
283 210
274 499
957 174
504 180
361 871
503 420
549 868
622 810
202 145
565 953
867 129
619 992
800 198
325 853
770 994
913 838
347 969
39 919
620 462
412 523
161 781
1 720
990 232
439 354
632 991
459 608
33 51
706 547
230 685
122 298
842 35
476 229
149 697
991 710
528 350
819 369
179 974
675 697
314 875
331 699
396 373
291 25
457 865
3 429
90 675
371 231
927 502
157 608
33 946
914 777
366 558
737 170
367 339
496 856
447 747
488 984
414 480
7 611
495 255
975 257
229 431
360 274
125 14
510 472
955 387
160 537
287 105
931 308
628 202
727 134
400 771
699 929
517 146
66 382
263 568
308 167
490 64
264 773
768 149
699 655
228 429
694 475
490 820
307 790
287 19
950 464
592 56
494 488
780 222
706 208
63 381
636 145
381 778
729 642
597 298
726 902
928 73
568 32
161 606
511 828
890 151
1000 715
729 19
485 909
109 785
844 324
493 626
60 315
740 693
65 363
339 884
513 464
966 179
308 382
721 424
895 248
622 544
977 550
558 776
300 520
212 204
982 952
732 523
330 307
373 383
193 745
965 923
16 110
658 565
996 871
541 1000
304 297
306 411
349 279
956 289
426 724
818 318
50 916
167 559
794 311
499 39
82 5
653 464
862 990
195 207
625 997
650 313
123 474
373 540
507 350
146 520
552 539
458 822
938 508
385 404
615 480
285 115
494 59
688 346
356 56
859 797
630 834
740 134
685 515
561 573
212 991
613 507
378 451
285 149
34 663
535 821
822 316
829 600
556 752
351 500
658 288
899 534
113 7
496 137
189 362
414 709
385 961
190 876
997 935
708 745
41 127
244 765
226 64
479 374
448 458
585 599
790 574
190 715
810 296
460 609
300 718
757 810
5 603
176 595
1000 965
14 683
109 535
19 723
224 335
505 346
456 306
297 550
656 235
577 491
418 233
128 564
326 939
39 643
93 84
205 570
41 553
153 103
76 461
175 562
931 944
954 371
436 609
910 913
892 676
560 885
98 940
304 51
343 498
708 154
686 388
724 575
553 2
916 137
665 399
963 174
674 455
751 215
11 519
167 902
427 93
327 700
129 971
739 516
501 761
48 741
610 582
103 833
252 413
324 626
510 861
994 586
332 37
557 540
100 217
274 962
488 379
734 920
165 387
606 160
857 371
222 351
96 519
698 752
601 369
819 294
481 688
743 696
800 76
378 40
970 276
365 478
916 914
938 822
260 862
812 803
869 990
448 470
639 456
623 960
936 299
725 255
395 590
748 48
767 276
490 704
922 885
10 875
272 34
770 801
560 725
939 846
101 699
162 529
549 131
128 609
715 743
496 607
206 478
853 637
182 327
644 568
24 673
357 995
231 782
533 992
310 443
296 597
188 579
143 111
409 922
138 376
309 753
724 801
257 94
710 929
936 153
210 150
67 291
489 469
825 659
684 434
703 662
297 990
962 524
484 770
546 335
893 100
361 147
15 688
896 162
557 205
650 497
120 454
220 815
755 236
459 411
702 549
212 817
911 283
683 392
190 979
747 769
646 175
815 620
707 431
311 989
627 708
133 153
541 12
264 72
782 270
381 869
204 226
632 797
364 866
236 147
712 746
942 579
936 781
571 791
467 270
505 71
507 529
680 893
753 793
661 998
204 599
965 163
925 977
947 137
487 192
144 170
18 655
594 686
39 871
776 319
410 101
109 215
642 344
202 451
577 309
373 154
505 274
635 92
396 703
934 611
228 726
465 652
999 75
804 75
770 39
936 835
205 706
512 914
931 72
111 744
295 465
686 226
168 523
543 426
996 561
780 818
508 379
292 660
369 800
777 524
209 50
639 463
513 26
107 927
509 799
664 154
354 704
634 868
394 343
587 818
699 928
2 973
176 483
128 326
479 857
800 712
325 496
947 523
200 632
221 818
518 454
740 114
997 365
638 111
890 434
390 52
199 108
934 481
107 997
939 445
208 705
835 636
363 367
736 899
588 924
790 672
369 978
579 611
450 565
623 618
900 439
889 340
635 328
446 569
614 798
287 511
568 383
507 573
588 834
554 830
97 825
120 646
616 523
999 824
96 311
844 555
793 527
649 595
3 251
359 46
787 701
383 420
130 72
724 96
656 128
875 20
349 485
196 732
577 642
467 230
98 448
418 830
176 527
348 35
440 287
887 794
487 219
819 618
966 655
201 263
441 496
671 110
785 735
530 703
515 498
157 357
762 84
659 735
54 23
720 543
249 127
10 89
727 188
391 192
237 968
309 459
536 385
245 793
798 1
929 214
656 618
475 876
640 786
9 144
218 6
492 425
631 446
726 342
268 794
358 874
293 697
739 969
406 904
194 430
986 178
180 237
702 174
282 573
268 632
74 699
660 678
352 969
796 38
336 874
138 648
268 719
108 398
880 383
754 408
347 786
114 571
80 631
134 852
504 611
37 23
222 45
532 45
559 246
908 910
784 644
527 852
469 412
572 355
75 829
424 243
232 785
444 238
818 927
321 669
340 431
914 394
218 783
719 365
41 782
813 664
118 876
121 56
657 436
452 816
862 383
476 174
758 828
895 509
805 965
954 385
338 90
410 383
6 635
586 244
701 517
281 202
211 265
563 732
567 252
73 360
220 457
2 820
670 312
818 434
489 504
748 712
290 251
219 131
935 713
516 829
258 605
903 111
281 484
580 136
840 85
137 105
883 89
774 216
281 405
284 588
121 854
711 823
488 553
777 19
975 542
302 920
10 572
802 969
932 995
954 807
204 394
460 28
172 936
217 817
255 809
898 830
117 776
264 990
752 537
308 15
950 586
455 168
248 968
872 130
824 101
218 316
91 550
791 547
407 314
235 723
400 428
829 349
743 699
194 340
108 498
165 117
867 103
761 488
337 287
568 328
866 181
919 189
248 388
66 525
487 223
663 184
429 866
766 597
714 240
823 438
577 296
814 175
690 73
529 205
982 993
490 483
795 270
211 455
819 644
213 669
658 634
609 232
573 397
836 961
598 800
490 133
379 702
348 235
20 769
63 902
249 602
811 530
259 341
462 406
300 21
431 845
858 603
370 257
207 555
718 199
724 604
837 731
834 195
567 486
812 15
768 109
238 411
313 64
66 280
379 195
252 51
753 498
846 475
977 234
685 569
319 975
699 362
769 742
95 788
511 161
377 599
855 894
547 569
803 899
899 704
954 541
169 803
695 151
137 221
502 937
364 842
420 628
791 583
114 353
575 508
622 953
36 548
109 154
560 572
773 985
874 794
302 483
929 587
144 909
58 847
386 838
18 893
37 47
574 286
870 689
373 71
834 507
622 522
805 42
257 588
923 179
875 154
222 775
280 522
260 736
449 524
395 843
16 4
219 527
257 878
679 807
386 138
616 861
230 397
639 35
131 738
336 624
335 834
858 797
955 81
611 723
779 399
104 635
376 768
852 191
340 923
470 606
474 661
310 55
258 658
902 331
577 880
870 479
391 743
582 483
557 382
34 205
287 781
474 260
38 653
315 639
774 273
451 12
755 90
955 428
975 545
155 784
750 740
33 508
185 41
169 748
901 291
573 966
801 674
524 652
691 883
323 343
52 319
245 685
151 693
709 664
47 516
543 643
602 205
105 403
124 153
354 581
881 306
260 564
460 187
961 378
946 750
602 124
622 123
962 68
434 429
807 876
796 451
464 604
818 519
122 136
696 680
844 503
5 323
136 398
587 240
360 684
199 909
353 293
761 416
339 886
467 301
434 30
217 455
502 480
880 784
554 593
295 769
556 841
830 738
874 306
582 3
378 549
809 421
776 570
177 51
289 601
438 186
831 689
120 67
317 759
858 955
883 350
462 95
335 983
540 364
361 72
197 978
327 807
475 208
918 978
388 697
984 842
642 784
772 839
885 534
119 566
450 257
110 303
759 582
405 999
7 887
10 41
854 702
211 936
30 428
966 840
778 466
542 11
229 820
450 35
983 399
21 974
195 269
152 531
62 127
688 442
392 71
655 206
536 894
795 987
613 880
14 109
992 25
271 326
420 908
620 922
61 942
347 605
247 839
624 742
83 182
577 176
5 679
977 766
385 952
843 213
994 91
504 979
732 715
35 525
625 285
827 569
369 735
188 117
357 666
230 664
946 169
123 552
219 681
382 807
588 758
311 377
629 494
221 550
443 929
210 876
784 931
896 749
811 714
573 247
261 981
135 828
339 225
527 666
205 568
921 255
614 348
941 132
491 635
991 830
461 799
854 798
143 332
68 135
881 860
93 884
872 553
512 801
926 266
231 714
409 734
394 10
435 821
760 92
59 682
461 210
530 225
968 4
271 881
242 963
85 535
431 639
33 420
696 740
273 85
798 909
964 413
52 247
932 883
886 730
78 519
794 892
997 339
821 165
40 678
256 611
111 453
434 128
700 905
454 592
834 67
28 14
953 510
740 690
645 169
776 88
118 141
30 983
592 288
335 450
981 242
730 434
344 233
400 331
398 970
921 671
829 62
499 903
935 337
826 332
653 880
948 412
841 654
500 283
504 862
515 992
19 753
409 205
463 6
531 537
12 94
199 520
844 963
317 605
658 635
663 270
582 690
745 511
67 519
653 308
749 843
701 552
560 900
818 452
305 287
548 173
254 202
736 69
918 811
760 75
297 947
617 838
621 886
573 735
461 101
919 23
335 572
321 643
343 1
113 560
438 319
702 600
333 43
137 256
928 757
177 519
587 776
72 299
826 156
411 606
232 17
983 454
60 895
226 595
243 435
25 740
962 351
587 630
898 771
60 750
685 585
3 981
891 220
583 514
506 306
622 92
458 433
167 283
858 250
247 233
416 901
270 32
166 81
316 709
900 78
777 285
320 640
585 708
565 422
400 280
353 280
597 117
340 2
144 797
912 222
49 656
411 297
585 550
27 747
796 406
810 625
649 565
616 672
637 778
874 588
783 678
453 79
909 201
979 139
783 727
510 3
918 122
595 475
135 772
214 775
639 915
415 20
165 573
974 829
166 846
651 490
463 312
162 277
938 197
611 722
816 314
121 578
181 408
813 365
1 2
920 360
974 223
903 33
245 993
744 12
984 879
829 599
112 922
918 934
27 254
393 825
780 899
984 798
234 389
343 37
20 120
405 962
579 267
634 866
679 917
812 387
155 896
428 628
34 799
660 63
113 830
960 785
95 779
137 111
969 854
53 259
19 143
111 509
703 217
744 902
277 992
683 805
152 923
216 206
87 725
532 582
716 171
203 504
611 455
832 488
231 430
929 598
269 205
218 535
779 768
248 590
952 200
568 257
382 953
888 542
670 878
89 659
429 661
558 783
199 80
883 658
884 761
331 715
705 474
615 891
968 419
361 668
219 618
435 601
525 285
727 754
508 580
70 327
556 506
942 520
852 381
447 699
486 151
249 439
187 214
560 844
335 982
933 651
361 79
777 733
888 184
634 932
232 316
971 787
775 79
390 235
506 950
327 580
272 726
310 818
773 442
25 898
564 593
950 322
73 910
937 673
973 35
96 633
24 198
703 910
501 738
816 866
837 948
794 681
882 31
510 804
578 292
171 134
29 252
218 183
167 338
649 471
265 478
873 625
892 187
167 291
995 162
844 332
717 730
624 648
878 365
327 25
420 909
332 369
282 938
445 78
727 368
57 574
576 602
514 640
331 312
999 944
154 275
61 639
819 31
748 207
197 351
749 290
217 433
511 51
60 73
540 195
762 95
808 155
630 94
153 842
945 668
150 41
387 681
120 898
177 205
468 452
452 833
991 936
499 486
337 391
192 398
410 381
486 699
242 572
224 31
956 448
278 828
944 312
46 328
307 276
483 651
250 862
197 949
589 499
400 601
556 252
993 958
977 337
280 63
40 121
360 365
894 494
931 352
864 845
883 91
974 390
375 911
586 694
950 447
996 198
385 501
365 721
287 522
831 249
629 790
214 213
539 750
223 265
673 100
412 200
592 116
424 518
959 234
382 843
826 573
494 423
995 222
302 602
433 729
711 266
75 108
946 409
625 222
476 584
994 397
527 618
909 372
801 619
233 709
948 494
697 554
754 525
312 520
847 536
89 48
876 120
697 923
679 735
166 502
867 327
780 374
396 111
552 237
145 297
334 743
740 942
136 564
193 549
487 916
361 715
32 613
98 762
170 799
465 677
145 587
899 382
439 169
926 581
508 396
951 50
591 91
560 901
372 227
943 734
50 603
931 62
771 969
543 561
343 403
612 584
797 890
188 700
923 819
11 221
607 995
495 453
686 534
174 235
806 747
829 842
422 736
190 284
742 985
138 187
121 993
485 320
642 763
189 604
110 741
781 824
304 214
431 251
472 976
643 642
660 907
725 747
781 649
543 574
86 63
363 614
18 183
241 6
208 841
321 110
28 799
143 477
147 790
169 178
995 250
541 235
482 411
209 689
151 503
127 487
859 405
212 679
887 425
744 841
268 657
341 325
507 933
682 387
633 727
427 656
815 173
106 561
276 686
415 723
810 495
114 976
723 962
600 424
580 985
583 214
732 652
456 623
952 628
790 340
918 281
813 589
119 803
230 673
909 122
948 736
330 283
724 79
879 702
838 179
399 781
239 578
221 83
791 235
962 939
232 660
323 767
35 179
735 606
956 281
660 495
318 806
615 52
598 834
620 910
480 433
945 921
304 111
380 746
414 484
613 420
116 204
499 252
820 706
533 227
833 841
580 194
266 54
674 411
875 518
465 457
997 39
923 908
530 698
967 659
904 40
146 691
333 351
831 160
851 734
526 694
656 912
153 258
751 121
885 963
209 354
878 653
401 400
441 887
649 442
759 307
281 798
262 125
543 530
123 85
212 677
85 145
88 875
730 166
363 467
645 95
665 817
317 510
965 434
363 352
716 164
294 790
443 584
156 871
801 418
336 287
283 464
710 281
748 228
622 693
353 148
108 218
827 908
439 322
888 654
973 152
724 508
562 499
908 90
791 271
542 659
338 117
720 869
3 397
41 578
538 909
560 845
229 382
983 837
824 818
381 19
246 223
243 46
443 432
337 213
300 479
963 297
691 126
595 954
703 683
357 107
142 633
34 94
487 792
551 999
302 899
655 901
803 750
592 875
955 571
663 874
975 948
464 510
836 366
811 159
946 769
378 463
621 641
267 682
788 51
394 264
4 815
812 646
373 584
574 708
203 185
386 635
829 709
223 202
482 464
869 708
26 934
912 671
619 813
364 908
433 525
70 826
400 466
304 492
283 33
775 330
886 184
66 949
144 983
787 911
667 421
870 748
796 199
815 101
639 417
224 468
494 964
919 460
728 36
92 731
314 717
814 150
925 775
748 494
876 315
951 267
753 512
115 539
607 33
814 1
887 981
379 926
250 522
280 134
55 231
718 605
620 206
719 140
975 54
656 126
620 839
569 819
396 313
366 635
901 788
847 232
188 955
304 88
452 96
405 761
443 367
64 632
301 773
713 349
898 505
917 75
738 760
902 273
760 928
244 369
262 112
110 350
458 967
573 810
962 599
587 878
738 314
217 645
678 522
964 597
948 114
963 944
397 522
316 702
422 84
618 518
782 391
5 436
824 249
898 940
665 975
852 745
246 298
816 621
857 464
322 250
359 380
597 381
448 268
670 491
708 698
268 543
985 475
895 632
658 34
143 670
660 564
352 583
624 466
278 435
855 667
734 472
862 173
493 566
670 107
98 38
905 532
544 180
598 379
66 520
786 273
127 177
933 462
593 793
546 933
552 238
718 671
611 845
461 590
188 138
562 443
529 194
657 405
827 805
258 504
794 38
101 520
945 146
563 799
31 221
838 231
72 770
426 793
483 968
90 682
509 164
560 902
923 532
747 296
270 857
951 142
935 537
724 1000
712 976
452 235
163 792
770 272
992 416
573 733
225 567
360 330
803 328
508 194
661 106
534 744
612 728
833 797
372 561
119 678
358 580
694 994
971 683
733 520
238 414
441 120
152 453
171 35
651 797
925 214
858 235
395 646
368 595
938 323
356 252
708 873
516 803
584 343
52 213
220 899
836 59
428 688
821 135
180 49
950 597
882 396
385 867
703 167
463 642
997 454
502 940
360 917
806 180
331 20
173 873
374 234
235 688
473 203
113 348
900 72
922 512
960 755
958 322
320 338
231 388
711 126
14 474
640 517
53 624
311 620
114 638
430 394
450 604
820 618
39 914
98 458
245 137
83 354
472 299
454 399
19 670
314 530
44 655
779 964
796 958
14 615
951 706
594 573
108 55
211 119
893 704
642 927
241 857
457 868
684 733
651 492
466 557
167 518
760 799
361 81
185 995
794 335
408 62
443 877
390 114
998 231
102 936
24 789
464 245
137 721
57 553
380 953
241 485
827 378
132 604
333 461
965 816
871 589
584 405
470 174
732 309
60 942
561 955
357 296
787 329
381 434
608 506
592 799
648 513
246 969
392 223
252 449
203 783
928 394
246 739
691 530
912 805
722 480
234 839
368 349
845 293
664 79
35 346
661 691
574 76
596 524
133 161
357 331
346 607
754 368
682 469
701 343
286 903
351 851
799 719
231 313
715 500
348 763
554 826
295 988
169 472
297 275
965 868
598 530
585 849
177 189
435 554
439 498
465 595
486 939
748 282
456 362
918 4
496 923
427 539
101 576
767 159
224 117
744 44
528 236
880 735
475 213
975 736
580 144
48 1
105 48
802 886
50 755
573 338
624 348
702 647
7 227
444 991
837 656
161 215
275 866
186 258
468 140
7 880
12 931
564 595
563 250
739 751
974 330
323 308
218 2
954 766
117 816
743 971
401 371
42 103
725 674
617 489
856 559
549 628
666 816
613 893
156 18
801 355
749 109
915 487
4 78
442 71
787 801
740 711
620 365
32 782
530 5
70 842
921 640
10 993
729 227
503 536
434 1
143 603
848 767
286 364
596 373
191 879
269 977
953 896
715 353
410 89
528 268
356 957
286 556
839 960
955 5
93 62
336 797
681 610
418 751
628 292
262 452
991 837
447 584
908 462
289 634
452 978
144 291
73 387
805 594
111 703
849 610
371 162
337 278
101 501
139 24
582 268
585 56
487 712
757 282
923 696
211 762
283 793
326 729
722 18
119 614
301 917
859 855
567 414
552 621
755 102
996 324
355 596
524 499
727 212
184 459
959 417
690 854
86 823
60 854
646 53
464 475
51 525
267 632
252 410
768 163
698 300
244 365
423 885
156 336
802 350
555 122
773 888
688 601
216 463
18 224
514 423
263 946
19 310
810 215
260 180
852 942
319 619
782 81
51 201
649 845
479 337
610 219
150 700
957 102
889 272
763 315
981 352
162 840
36 881
887 666
856 246
505 392
13 415
414 137
131 56
115 585
940 622
740 936
400 157
448 888
714 79
239 552
754 892
261 822
407 728
763 758
712 612
185 740
174 894
780 37
283 967
214 873
152 440
933 40
55 123
764 703
690 310
654 869
768 724
914 942
534 399
443 394
410 625
910 878
267 216
34 165
896 264
720 588
183 324
663 606
875 861
465 924
879 444
777 612
489 762
474 78
774 75
772 568
20 325
702 441
501 728
446 123
583 622
33 54
199 353
223 367
869 102
659 215
535 888
702 155
958 97
839 294
60 463
332 292
795 900
355 157
818 543
325 573
491 333
643 600
926 946
313 625
79 578
134 641
143 797
274 380
347 862
222 94
856 436
235 977
416 725
684 939
897 532
437 833
520 203
114 974
465 852
877 435
951 684
170 991
852 23
102 402
805 167
850 464
728 428
118 680
430 212
417 651
182 437
244 246
637 617
550 596
175 29
281 21
361 455
987 439
948 951
301 827
999 292
328 103
756 111
315 355
188 723
101 158
443 108
185 188
348 408
523 100
319 891
985 549
983 118
642 554
612 332
979 53
747 851
108 995
548 640
642 733
233 618
242 232
742 549
473 4
700 989
422 127
796 424
545 232
859 456
240 152
22 672
616 195
125 280
443 91
400 488
899 46
637 743
118 200
741 595
624 845
476 562
135 673
616 481
434 26
184 525
919 626
575 579
744 581
193 449
601 508
179 786
257 940
174 27
981 393
767 440
861 163
165 764
577 276
541 881
340 374
435 602
668 239
83 953
266 916
34 408
897 798
770 4
907 251
593 754
336 592
933 818
126 125
310 100
438 41
979 887
283 828
837 381
725 405
453 612
628 22
646 669
232 319
985 871
344 504
343 85
54 232
348 461
613 343
390 238
821 314
270 990
237 963
474 407
242 987
426 274
603 510
915 810
312 213
349 838
812 354
428 603
466 674
364 601
322 101
37 94
592 907
220 836
518 423
276 598
427 418
621 272
749 219
367 644
660 256
924 249
319 737
947 776
344 499
255 743
294 929
665 787
887 482
191 571
19 394
701 378
978 801
282 984
65 472
410 758
69 496
431 249
969 546
530 827
679 423
256 967
169 426
1000 956
32 894
325 791
416 541
218 665
774 996
188 113
524 763
2 205
331 539
945 283
526 264
362 191
272 75
37 453
336 798
979 68
62 872
935 785
700 250
119 978
935 271
961 706
395 228
414 256
953 722
71 891
900 891
775 889
686 172
673 723
381 872
492 951
73 275
383 923
345 732
219 55
807 398
737 748
777 591
494 540
742 161
211 987
750 684
107 858
769 499
792 12
846 195
993 669
371 737