962 2427
380 81
950 301
183 203
225 14
483 286
625 621
956 838
833 927
194 595
263 655
233 404
639 457
38 704
590 196
767 408
767 277
314 629
338 834
815 436
444 416
534 793
622 934
697 154
400 571
64 714
938 929
480 196
799 864
674 186
912 209
876 751
508 299
919 668
563 792
51 121
161 326
316 550
133 168
320 22
59 364
862 34
95 527
297 362
581 474
411 510
323 829
677 444
722 634
681 396
241 303
902 178
722 771
835 544
260 502
171 270
150 934
389 150
772 361
573 819
500 948
580 113
362 526
628 424
296 433
314 944
850 158
880 467
302 539
587 299
753 7
827 114
523 759
857 97
749 542
164 770
572 121
131 869
749 943
808 330
800 594
370 528
100 664
727 251
103 246
530 286
714 707
948 622
612 796
670 9
416 332
141 614
715 833
829 952
955 613
902 753
34 870
536 295
168 342
225 590
378 261
16 623
290 591
383 163
402 478
721 369
372 77
824 924
660 191
332 293
887 53
672 202
912 729
251 351
328 122
398 765
175 405
739 674
5 763
444 506
198 744
949 505
468 804
707 641
107 154
895 280
702 473
370 94
113 896
562 458
583 789
69 234
202 606
264 798
448 400
468 550
162 591
452 194
614 446
438 800
479 230
742 552
834 429
826 639
550 412
200 683
646 104
315 952
174 7
466 708
450 193
931 223
715 289
115 96
580 737
742 592
868 830
187 562
523 477
301 17
926 465
306 92
454 108
934 751
539 579
679 479
426 319
835 803
395 926
126 321
663 233
73 153
661 366
296 291
346 147
572 495
807 5
274 819
441 193
223 322
51 359
833 394
246 170
763 380
428 662
687 39
58 849
404 885
386 264
522 205
540 252
672 300
857 173
606 702
555 271
497 251
721 494
133 957
118 771
212 279
87 170
733 660
755 324
792 250
652 703
302 256
485 950
294 211
131 847
425 256
280 72
152 101
217 345
53 264
276 327
884 924
576 453
226 876
961 810
853 935
380 627
643 226
369 297
793 68
757 315
45 708
268 101
768 646
399 424
939 678
522 500
413 721
323 898
180 569
307 435
154 664
510 35
169 438
298 716
830 829
325 827
456 550
626 117
665 348
703 828
262 946
234 525
587 169
736 621
480 901
356 898
423 105
215 871
801 433
303 618
768 780
280 86
118 385
924 844
778 835
502 864
104 207
22 731
846 228
287 376
733 131
495 517
105 481
387 463
434 879
164 399
717 613
168 881
315 842
501 671
445 418
12 16
678 144
365 395
79 685
481 374
674 437
215 23
458 824
367 200
245 689
943 334
837 552
234 639
487 867
716 687
522 112
246 570
45 250
432 534
107 506
752 288
735 756
6 239
258 933
301 929
378 910
474 954
772 655
370 132
81 628
65 722
543 676
745 80
215 481
682 579
630 949
8 622
709 11
397 900
74 787
295 814
76 696
475 880
61 365
299 629
939 100
265 888
165 68
258 19
7 187
656 226
33 324
160 332
511 536
208 302
731 154
307 841
188 891
592 9
116 97
428 571
498 113
694 957
295 34
547 653
220 374
330 345
208 406
652 593
506 871
767 608
594 470
239 509
294 439
705 362
637 197
253 614
237 748
476 267
596 244
246 527
74 565
618 57
730 261
172 932
401 23
225 545
423 642
426 552
384 435
703 753
59 744
501 95
797 161
749 852
254 114
110 215
867 730
811 32
5 484
699 878
447 713
623 458
93 150
220 371
693 33
584 144
548 267
553 954
715 743
92 159
336 329
942 82
49 542
486 565
17 56
472 317
427 620
891 736
469 442
135 633
393 162
491 421
401 112
619 612
577 457
312 111
310 526
278 551
634 292
600 364
236 520
58 149
561 733
551 769
509 748
866 57
523 665
873 748
178 471
860 68
145 294
457 20
740 849
887 514
266 143
14 463
732 14
285 242
495 933
113 816
297 524
59 731
9 717
432 293
14 382
144 489
308 482
932 559
700 361
721 383
794 520
462 698
450 783
270 948
509 186
238 413
704 821
376 241
713 553
660 32
825 410
534 388
387 147
524 402
45 894
125 123
694 771
453 233
312 690
810 337
497 7
578 959
245 343
836 942
620 722
770 44
791 326
519 489
461 234
365 475
699 939
431 950
364 832
593 702
612 238
939 342
238 23
99 719
387 802
209 371
653 685
296 427
638 532
606 936
517 462
315 17
775 112
447 451
729 611
884 461
327 617
936 835
717 695
921 638
370 204
872 278
377 6
435 793
916 614
223 116
304 551
29 475
86 276
386 21
814 205
781 497
747 191
280 116
144 777
78 737
83 825
134 920
524 154
162 531
770 868
370 960
222 698
282 58
514 955
769 239
7 566
486 901
359 137
587 528
458 580
5 17
144 706
890 111
636 607
198 733
288 559
182 164
348 220
683 348
5 307
705 338
373 196
522 283
11 475
412 896
90 519
141 649
77 854
99 738
139 862
865 943
884 871
761 878
7 298
889 143
921 593
759 625
245 97
389 780
369 679
102 640
303 202
325 276
236 292
274 444
298 272
277 81
43 761
730 341
768 640
144 37
898 287
367 478
791 157
206 487
334 141
372 320
674 684
822 573
952 385
349 203
560 339
250 161
105 559
144 451
418 830
770 11
240 258
682 185
518 254
683 599
524 427
167 518
747 367
472 608
834 722
762 183
818 568
275 77
56 206
662 818
863 24
832 542
28 249
564 366
217 893
75 190
389 696
780 24
785 438
420 194
847 16
617 689
504 819
411 257
900 170
642 200
921 460
59 577
656 308
415 899
146 299
74 220
440 116
277 878
739 15
96 840
448 953
103 941
142 775
239 956
352 528
426 385
722 476
161 834
441 767
321 494
15 358
829 313
589 923
498 587
304 497
747 817
398 261
93 41
367 591
582 119
363 661
20 945
211 403
701 394
624 392
643 331
438 581
544 938
344 501
948 558
700 594
390 444
836 132
487 409
652 604
618 92
339 222
474 955
403 406
437 224
444 255
837 52
696 621
676 118
934 881
96 413
631 793
323 456
215 337
948 565
651 716
355 220
543 119
528 212
175 787
878 797
614 8
413 305
728 273
107 387
280 172
762 583
797 196
528 600
598 799
801 129
18 694
510 175
499 410
228 612
943 351
466 177
837 537
698 715
145 313
495 531
137 524
671 75
33 739
710 743
894 597
680 406
240 3
475 761
43 470
886 371
651 23
174 762
565 581
947 493
179 160
109 404
680 208
437 685
773 670
64 224
288 51
418 257
254 365
375 358
556 942
691 356
430 173
106 466
474 350
666 487
171 217
411 662
930 819
253 232
534 780
277 764
210 122
174 289
485 666
749 189
90 330
788 82
130 933
918 160
740 664
205 262
939 55
281 641
356 536
657 400
884 823
591 685
856 614
30 194
895 858
342 590
602 626
4 771
954 833
522 141
208 744
925 267
891 592
270 858
163 134
383 547
60 428
634 434
304 395
529 371
69 133
215 234
633 909
915 528
201 182
220 905
810 697
584 961
283 484
907 603
358 827
18 190
54 223
274 673
461 684
903 277
45 610
924 363
158 169
490 140
37 142
464 633
471 275
646 712
152 369
603 80
741 271
550 727
955 296
669 69
529 261
537 184
663 285
494 775
500 957
962 96
818 358
158 144
487 202
452 501
590 183
811 755
938 9
207 652
262 882
764 689
493 715
257 431
679 332
902 759
10 660
121 546
450 558
287 799
182 885
591 333
462 275
763 338
433 798
144 481
846 622
577 490
46 957
267 944
180 826
362 933
442 919
10 345
586 475
959 691
918 831
722 417
849 249
907 753
111 960
845 421
597 410
866 810
814 385
709 416
286 830
359 687
886 23
778 576
729 557
680 590
280 529
633 933
278 593
651 201
914 604
38 653
795 31
493 638
908 2
697 739
567 799
755 743
252 879
47 861
361 625
640 132
953 195
719 442
775 835
581 421
693 129
755 773
837 726
723 761
314 400
345 348
482 136
808 723
662 445
791 929
350 403
595 87
244 111
27 361
155 348
9 633
470 761
624 453
222 873
593 904
641 438
203 946
912 607
622 147
589 868
933 167
68 277
680 858
699 832
23 16
904 770
500 920
941 659
216 293
470 752
257 546
553 682
401 181
330 174
629 837
761 759
243 493
888 65
743 875
467 468
714 8
677 957
890 471
491 443
863 793
920 672
241 171
810 115
522 242
8 393
474 935
449 710
858 753
48 715
156 391
816 874
626 145
741 858
408 23
838 890
359 744
239 621
409 627
532 380
459 687
812 540
762 659
372 622
544 247
908 872
687 133
38 907
962 279
821 464
769 202
129 171
845 490
612 958
595 840
473 19
391 682
416 238
697 83
862 854
668 879
463 370
731 803
842 297
24 744
483 781
299 744
853 380
855 104
311 693
909 953
851 330
579 945
322 871
83 232
515 44
1 121
98 779
692 114
58 775
882 104
582 584
490 746
822 251
6 207
454 65
887 78
212 710
548 130
867 441
775 352
580 371
428 573
475 95
193 128
525 575
589 332
581 217
99 960
929 734
842 788
58 298
645 956
557 714
104 334
715 222
878 947
132 433
377 960
802 812
286 229
15 484
624 867
336 676
220 163
664 281
648 958
78 250
655 37
180 251
336 433
739 697
243 669
784 770
548 176
786 231
751 765
844 433
19 739
920 847
260 194
121 201
219 724
399 66
535 657
151 343
482 193
927 278
432 661
224 503
783 786
327 913
91 904
238 276
757 914
707 696
905 928
767 11
839 140
791 229
933 455
664 613
865 497
611 318
351 123
390 279
636 640
639 291
385 79
805 322
165 227
628 461
581 524
904 472
243 787
122 192
29 404
70 245
257 499
355 346
708 52
512 770
192 632
621 934
397 178
588 651
187 831
646 913
528 785
375 819
635 14
932 136
614 335
130 597
222 808
243 110
740 941
203 232
289 874
754 436
575 893
906 260
447 530
821 183
117 477
132 204
795 75
745 511
812 739
708 543
713 287
775 865
680 595
915 857
832 446
243 426
299 45
634 620
47 145
911 141
87 656
91 878
129 154
21 599
424 234
915 55
437 882
242 289
152 521
778 136
100 839
807 850
630 595
795 497
893 793
677 791
824 437
387 355
337 135
452 795
936 541
149 208
26 80
797 15
282 188
80 169
231 830
82 582
147 352
405 109
119 825
714 593
99 712
410 139
763 555
712 519
234 733
36 726
329 390
401 269
462 272
601 959
160 376
272 311
864 870
100 885
926 114
855 440
270 957
269 598
309 20
367 770
280 849
83 922
798 503
49 180
503 884
514 365
273 918
809 319
226 613
225 491
237 163
789 406
516 434
721 779
318 747
156 829
230 633
181 177
476 6
870 681
852 345
709 48
253 681
386 429
132 284
426 219
797 909
173 296
124 44
624 717
362 828
533 302
938 318
95 72
153 721
762 855
938 547
912 925
451 126
252 456
860 797
220 244
354 879
504 95
503 548
711 3
197 196
864 884
292 741
204 186
575 592
944 802
744 927
357 782
144 367
808 636
294 911
580 861
946 909
16 937
623 67
353 434
814 218
528 335
782 462
767 30
679 393
799 708
266 48
303 350
90 860
566 773
178 516
52 805
21 298
278 774
563 756
30 440
606 698
205 824
561 120
32 550
861 738
518 625
425 499
354 571
892 913
513 249
948 867
754 453
705 15
281 122
100 727
104 776
718 93
451 311
589 581
914 881
94 758
421 185
9 356
409 847
907 655
395 793
656 909
343 935
531 158
918 407
225 503
47 533
61 11
620 332
936 146
535 154
576 425
387 7
302 374
639 892
568 211
832 8
787 51
806 293
570 528
183 806
757 205
861 756
662 816
863 26
791 148
316 642
257 445
294 201
837 631
940 705
110 300
61 400
905 600
337 239
529 943
627 550
439 337
684 154
775 934
354 158
584 184
36 630
826 880
794 866
171 307
101 739
178 364
363 670
276 587
353 335
926 639
259 421
123 126
648 708
484 467
528 73
877 751
879 682
208 90
697 848
681 910
679 873
172 7
906 358
430 699
604 2
383 151
226 645
192 541
265 922
214 820
858 405
513 387
676 73
914 706
70 685
387 280
704 886
544 539
209 755
784 361
568 454
164 78
310 229
420 464
576 6
813 295
586 304
484 885
379 450
17 526
916 887
287 613
902 424
65 794
209 925
820 545
548 909
950 420
879 6
165 954
222 336
705 157
429 448
307 575
841 896
865 343
539 888
240 26
6 415
706 436
545 882
875 90
655 509
437 115
847 464
8 335
502 729
211 617
843 703
572 412
77 176
296 724
775 179
122 401
804 180
862 77
741 490
262 925
142 759
953 511
641 910
786 228
509 448
606 651
40 19
559 484
815 275
431 26
697 253
21 898
387 874
741 941
656 886
700 795
222 598
220 328
728 137
693 303
258 411
772 271
204 646
99 21
500 285
210 16
198 790
311 327
523 708
297 401
746 458
824 53
896 312
772 720
126 173
418 167
572 402
955 372
371 262
814 900
930 50
655 639
30 573
364 863
591 393
856 703
873 743
146 46
860 446
733 680
75 101
903 632
427 790
173 347
250 5
270 645
417 284
515 701
292 191
336 145
135 494
376 957
503 31
584 844
949 481
407 896
46 942
585 562
804 863
883 821
330 159
538 85
940 801
183 695
853 289
873 767
109 753
555 762
294 311
461 915
338 327
407 870
217 67
559 599
860 255
932 732
239 567
817 276
528 508
837 729
865 328
366 686
365 937
889 855
451 793
911 503
692 506
647 473
47 808
493 553
197 769
402 193
21 51
900 669
779 491
818 761
342 58
110 856
537 871
78 608
852 485
616 548
543 782
307 830
197 149
736 705
660 890
348 68
727 584
710 341
857 775
680 349
676 859
62 535
223 3
336 531
48 881
877 695
53 21
460 915
160 656
512 677
458 925
351 961
384 669
105 244
433 106
605 521
113 545
150 329
725 357
226 636
732 652
879 49
11 793
666 155
478 853
445 595
943 757
251 812
363 381
315 455
313 628
47 624
822 409
571 801
475 443
384 660
303 287
481 347
618 402
412 751
626 905
717 873
138 542
509 756
348 668
744 339
62 714
700 435
59 320
160 686
620 684
605 746
62 282
900 460
151 559
318 36
304 312
468 657
404 867
166 660
775 812
168 97
771 454
595 193
8 101
889 425
29 465
379 225
661 353
239 158
867 949
815 668
618 718
784 431
288 324
454 209
170 680
67 579
178 143
571 339
856 913
906 724
282 330
653 329
765 527
313 88
443 75
653 566
845 108
946 901
482 559
405 326
651 249
858 527
867 628
744 426
291 587
391 851
251 746
732 411
172 501
695 292
559 822
467 617
795 101
884 509
391 680
729 789
402 279
460 869
321 766
183 437
364 783
78 260
615 88
654 684
503 130
590 227
609 54
298 11
388 865
403 852
674 297
108 411
535 61
166 255
420 830
317 97
617 350
164 863
554 323
151 254
27 449
418 820
934 446
809 106
719 491
80 341
535 380
432 120
396 739
239 333
373 865
129 919
709 338
30 317
15 395
606 575
57 129
700 123
723 202
755 917
199 63
782 28
143 119
292 229
150 143
635 813
160 560
202 936
345 47
881 429
461 370
231 189
940 840
152 585
790 134
358 509
824 849
731 850
297 400
409 252
212 229
858 624
899 568
22 569
116 377
943 891
509 278
95 855
119 518
549 452
934 893
223 51
150 698
597 925
764 643
429 891
323 146
548 601
865 682
960 642
225 852
687 140
528 838
855 208
109 270
36 50
383 912
26 104
712 28
916 142
37 424
636 80
50 408
791 558
29 663
814 302
210 31
663 239
354 174
277 123
904 694
887 573
399 392
874 594
809 383
258 600
74 94
765 72
632 218
907 506
193 883
214 839
197 320
90 778
878 404
223 618
796 415
923 377
449 886
145 318
185 103
204 389
374 747
322 846
533 760
308 781
737 344
242 163
499 787
109 74
69 914
57 347
112 533
866 185
144 646
436 197
146 611
933 453
172 787
25 361
953 452
583 282
557 554
334 268
667 650
335 552
578 309
602 138
323 80
81 441
96 891
386 190
351 936
100 851
546 767
430 473
803 894
533 414
274 573
388 931
439 329
798 569
382 833
332 571
606 302
835 235
194 225
148 616
111 356
761 502
542 813
726 131
318 44
511 563
754 517
662 410
739 427
174 890
798 671
293 898
810 73
924 661
578 61
907 382
603 632
513 272
767 805
529 679
847 262
213 562
532 525
314 859
480 79
243 912
122 67
567 483
3 880
688 56
85 696
175 172
819 575
605 18
71 858
510 167
39 294
298 130
172 511
283 208
874 600
36 44
710 695
541 898
554 61
890 171
186 115
792 586
153 764
247 207
212 345
474 310
77 251
558 193
762 356
12 221
382 45
535 889
685 607
649 929
118 461
814 595
468 756
586 332
387 477
317 900
125 468
842 907
437 928
369 810
813 793
315 338
922 438
433 597
614 594
184 385
259 538
316 601
960 215
572 789
468 652
641 119
474 631
790 945
106 245
421 920
444 34
651 954
103 689
396 791
37 712
478 858
500 377
444 734
174 581
485 369
680 468
116 265
816 729
375 603
428 535
603 764
877 832
440 61
385 716
9 405
396 370
718 78
719 691
334 482
634 684
629 316
709 372
708 652
110 899
91 223
915 298
130 526
702 792
495 250
31 722
275 803
532 545
147 411
386 855
83 643
103 139
604 217
748 926
274 55
667 942
179 760
863 408
187 875
498 159
135 29
73 865
757 97
51 911
747 410
454 525
532 552
919 717
738 935
414 579
510 130
737 497
555 495
208 225
904 798
445 524
514 47
409 526
928 554
17 155
863 657
222 673
443 897
122 320
364 627
935 563
386 694
52 749
313 202
420 841
901 624
48 482
726 869
287 54
234 846
536 876
810 797
242 628
669 357
71 303
377 29
51 690
640 149
660 661
296 554
516 517
229 730
910 85
698 656
311 135
167 201
448 506
339 198
251 495
607 26
827 877
215 690
432 856
340 587
144 572
750 379
72 382
660 668
539 926
849 90
26 237
317 954
380 164
808 482
225 91
135 409
872 70
628 719
475 521
88 757
554 467
956 309
722 669
542 255
520 687
817 428
817 887
13 73
380 647
252 716
568 821
751 924
832 511
152 684
356 180
68 510
126 140
865 950
646 806
702 195
131 561
411 11
709 894
322 262
397 909
187 709
77 346
591 607
809 937
80 801
457 249
811 589
939 554
667 673
540 578
514 670
733 928
754 90
681 797
354 771
82 274
962 15
530 459
493 332
39 192
884 419
706 757
449 686
85 189
368 570
366 806
429 704
140 655
14 607
900 580
907 119
125 503
290 111
442 217
852 698
689 872
83 233
393 257
242 570
890 484
191 2
311 347
824 864
843 236
145 241
809 237
921 880
907 31
113 249
442 708
171 280
673 97
512 560
92 497
644 422
555 446
227 830
727 212
74 311
894 170
198 24
390 275
125 530
405 259
725 612
462 634
622 777
53 167
420 779
646 883
118 749
249 882
782 562
606 854
183 628
403 505
494 879
519 498
779 280
195 635
162 817
769 501
536 488
183 80
41 820
793 511
871 199
265 796
838 451
23 124
807 817
25 534
9 185
411 171
106 478
605 690
702 279
356 343
585 241
142 291
853 501
363 959
393 351
130 490
847 860
815 775
670 467
285 36
767 480
390 216
20 183
10 304
321 955
837 242
380 808
565 742
401 3
846 53
888 897
562 771
134 815
766 204
130 370
572 541
840 243
210 113
489 491
590 756
593 785
909 536
490 906
257 81
386 705
81 885
196 66
932 1
550 869
759 336
450 926
888 223
33 468
40 557
246 431
66 650
51 760
620 562
789 203
772 671
427 896
177 136
892 881
735 14
864 568
899 914
425 316
614 35
706 256
240 451
331 461
151 627
840 310
839 294
914 324
167 531
91 694
462 117
763 8
891 63
305 270
635 647
99 128
615 230
68 123
927 753
364 671
54 50
41 31
350 19
87 784
550 605
368 297
829 95
52 94
127 422
485 239
909 946
125 301
190 527
789 807
827 674
408 137
102 402
546 627
913 893
932 817
293 88
810 178
313 634
546 825
532 238
636 270
24 456
868 713
447 462
31 176
307 453
239 445
664 333
51 375
137 869
602 594
658 343
309 687
611 333
24 230
647 909
202 896
334 189
725 531
837 223
820 825
770 136
277 360
707 818
652 164
820 627
692 808
641 810
264 439
836 808
384 273
349 204
317 483
925 185
529 14
677 799
173 22
326 649
699 97
43 72
902 732
651 181
66 491
51 910
89 493
493 477
629 38
778 284
405 309
653 246
589 454
69 420
548 425
163 909
813 549
596 331
696 567
149 621
891 404
289 540
764 331
326 831
931 708
349 545
870 952
948 878
146 330
293 196
918 2
400 278
744 566
611 238
721 908
350 414
65 608
444 953
451 741
308 377
293 592
790 374
496 233
403 679
796 470
340 956
914 562
703 607
261 584
939 909
67 930
68 70
555 604
954 604
848 636
296 737
562 646
465 406
641 736
821 679
825 822
648 771
238 790
927 828
603 505
896 7
880 188
466 631
958 414
327 366
511 359
888 849
889 51
506 767
84 890
583 21
489 238
879 500
293 268
294 95
539 147
280 783
102 473
355 62
713 223
330 771
277 110
502 947
708 326
564 56
404 301
382 349
797 67
798 339
945 781
124 268
464 2
91 928
826 437
222 608
672 472
179 261
95 546
866 2
957 612
651 349
214 247
201 308
422 289
651 150
862 874
642 847
533 337
682 438
781 644
290 85
115 504
886 612
686 928
746 865
231 348
548 63
236 579
738 413
421 863
8 418
44 800
937 255
715 951
717 124
473 336
499 378
596 84
329 736
484 315
910 364
356 201
171 435
870 741
816 625
619 935
490 772
204 313
404 331
215 364
436 623
187 320
777 800
249 324
912 542
439 917
668 172
765 513
780 582
231 338
596 719
790 542
906 60