900 985
324 829
451 719
496 351
683 581
225 749
97 219
280 211
94 433
276 550
139 569
102 655
436 878
205 480
501 628
809 129
887 138
130 744
15 225
275 25
249 738
249 887
376 682
367 529
363 391
33 888
389 223
179 115
120 113
221 756
128 18
244 192
879 164
377 430
407 738
846 885
4 148
257 574
812 482
582 178
684 321
400 586
193 460
111 345
505 517
130 350
426 19
268 710
166 853
763 333
484 877
713 785
158 500
70 497
837 375
210 139
666 882
699 569
321 428
574 526
127 718
850 302
900 206
296 596
713 861
523 609
428 51
180 243
439 413
281 126
15 334
346 620
511 874
214 600
781 575
589 849
119 98
318 745
620 588
799 303
688 540
673 522
225 872
487 682
353 161
62 499
459 655
425 184
834 696
87 140
45 877
249 87
215 644
808 782
121 606
784 260
721 608
237 239
68 39
349 503
240 249
46 826
782 143
658 489
813 607
891 732
762 716
558 48
263 468
741 137
103 334
361 123
768 725
641 345
286 508
23 75
543 745
526 760
293 664
684 581
852 106
718 769
645 58
264 463
802 505
201 709
836 692
306 215
634 302
248 221
126 341
616 513
471 811
898 830
106 12
104 489
379 583
13 339
860 433
371 597
431 129
754 75
92 536
374 461
637 884
299 90
743 146
189 843
254 529
155 650
808 104
481 582
482 808
104 443
697 630
457 780
860 120
182 547
432 136
374 278
644 356
234 627
91 134
776 328
744 307
666 203
281 367
544 457
139 434
449 479
720 417
275 123
622 767
881 135
593 703
204 677
699 152
826 830
227 540
14 277
298 474
890 144
676 351
460 668
63 672
254 653
49 18
394 257
69 267
16 393
777 245
231 77
862 541
689 575
709 671
894 734
20 630
676 180
462 496
336 65
763 253
152 839
210 526
652 505
300 294
253 832
602 31
34 493
351 760
632 39
874 858
569 270
778 802
455 392
765 318
524 506
722 70
427 764
785 84
506 584
100 599
871 421
61 98
635 325
785 314
508 488
886 703
693 405
596 794
481 344
816 101
650 177
857 208
434 16
643 74
81 779
257 462
50 52
804 301
727 35
663 302
545 70
534 520
309 267
651 632
148 841
818 277
240 332
190 91
829 344
176 412
36 143
620 83
80 758
533 708
295 549
328 573
30 495
94 537
178 410
596 827
827 253
852 685
313 250
55 485
805 485
106 270
58 858
670 483
745 870
234 147
500 316
8 743
574 883
760 52
229 738
597 664
199 387
559 758
366 863
44 174
179 803
745 449
688 456
41 540
682 885
560 480
250 617
553 581
43 345
267 339
233 12
422 174
722 279
479 427
622 514
489 206
708 147
185 292
613 226
469 795
277 830
658 285
61 247
695 730
471 96
715 274
171 467
840 452
23 179
854 121
489 707
128 53
572 350
446 661
132 522
700 599
37 661
491 508
787 827
66 687
64 619
155 37
467 704
856 470
324 432
237 298
891 67
763 886
895 198
644 572
853 394
655 756
86 433
853 439
785 862
171 893
507 184
290 493
37 725
130 746
496 830
753 634
261 737
524 162
788 857
688 394
81 638
105 552
28 693
284 86
658 859
216 22
752 248
427 243
610 689
553 641
274 855
802 474
156 785
27 411
707 214
760 206
619 872
64 83
120 259
416 358
129 403
400 634
123 79
448 669
688 306
763 157
247 48
830 488
768 7
91 240
273 826
709 399
538 267
627 246
188 717
263 157
336 301
715 358
389 895
306 25
529 177
588 485
423 197
733 27
723 564
528 582
221 593
504 592
314 219
269 461
240 323
163 317
860 465
780 358
470 690
873 721
409 180
562 136
393 722
406 316
290 366
590 872
144 71
200 633
475 439
184 403
279 845
454 72
771 406
765 222
598 255
632 741
864 332
528 86
195 553
312 783
255 761
575 606
24 277
859 1
281 804
58 568
43 776
569 646
425 649
651 829
283 176
691 303
716 49
891 774
768 734
890 4
326 46
458 765
15 140
837 718
776 152
669 627
23 92
41 835
507 364
582 409
197 760
816 156
865 805
239 486
146 806
900 313
712 402
217 788
417 295
86 683
894 415
577 224
273 143
269 56
755 757
554 648
842 622
58 404
358 93
567 243
820 33
382 779
881 21
789 132
82 809
347 447
768 297
291 122
850 414
776 185
513 821
778 734
781 749
364 736
416 462
242 551
326 138
235 577
378 324
32 895
798 83
152 822
53 364
317 527
500 31
367 282
124 133
295 596
789 884
313 340
165 683
848 535
478 683
273 757
787 834
749 338
886 456
199 234
65 39
116 421
781 116
258 334
591 816
77 427
303 293
691 105
82 588
822 374
731 828
627 580
382 114
857 615
239 764
216 771
571 273
172 211
472 31
767 435
859 767
378 454
311 637
179 565
173 449
722 406
875 171
897 300
844 130
428 101
457 157
361 587
131 445
520 145
285 537
198 346
27 380
446 473
354 634
706 432
239 440
467 870
192 461
553 880
378 831
253 673
449 306
610 718
684 797
206 34
833 222
216 32
64 567
459 187
773 196
437 618
196 332
666 730
235 799
409 870
203 793
840 158
459 500
588 126
618 506
154 845
682 380
431 634
634 626
830 780
407 69
274 396
789 864
583 737
10 186
416 760
430 39
811 99
445 812
125 87
704 741
320 415
458 192
338 318
2 561
471 345
83 872
516 499
363 197
256 452
385 772
827 16
186 136
506 190
540 270
345 597
842 242
796 569
513 353
316 179
632 665
872 322
644 467
134 316
656 579
740 689
94 652
216 88
414 240
799 130
335 900
606 159
734 882
250 435
832 183
762 655
114 877
850 782
202 65
739 86
610 296
69 620
141 282
197 249
404 572
280 55
681 531
264 517
348 792
607 125
493 302
315 527
684 839
394 422
416 528
716 593
504 567
290 24
422 325
433 680
669 435
242 384
298 483
447 563
29 180
852 488
645 626
496 459
686 283
625 851
799 308
115 202
398 642
20 270
142 124
708 743
181 666
522 292
204 320
92 170
269 228
362 646
52 210
273 440
717 272
504 810
786 51
708 85
229 513
209 699
668 51
46 670
432 593
710 883
718 465
591 213
382 847
778 836
883 678
209 605
461 580
362 102
800 397
805 868
126 822
339 24
625 85
9 747
354 739
850 796
34 56
386 846
511 735
534 514
246 280
181 576
43 744
264 854
612 495
815 129
283 583
861 183
101 90
693 843
649 723
623 507
140 623
376 541
697 81
125 371
859 444
657 491
142 679
670 584
150 260
165 287
768 586
47 786
357 513
819 480
244 527
89 707
286 632
670 781
411 861
834 125
431 837
534 375
195 321
824 579
545 900
710 899
425 747
161 468
410 522
142 784
483 398
371 4
76 398
333 792
281 287
732 522
469 732
756 798
414 534
459 256
621 872
89 347
379 683
164 131
705 679
518 858
225 350
607 831
441 316
364 72
672 161
594 542
895 635
13 281
882 878
165 472
206 731
702 305
645 53
131 693
199 657
132 64
386 411
37 509
407 153
712 217
38 370
577 599
802 767
256 566
740 324
745 624
726 770
542 70
315 555
218 49
340 648
230 871
547 305
57 329
535 185
81 616
469 719
590 826
502 886
98 299
502 432
520 596
88 579
220 539
64 4
513 561
588 405
496 721
56 435
864 558
757 299
618 51
215 453
459 417
283 63
677 576
714 787
754 55
792 426
792 799
411 94
733 369
16 522
77 312
56 92
265 661
469 101
693 727
455 626
370 615
633 800
896 240
819 853
484 483
487 828
217 221
342 490
559 685
534 573
299 636
608 260
452 208
149 73
440 835
366 890
663 602
680 272
661 521
165 176
660 85
270 793
319 805
346 38
548 400
760 697
302 714
507 273
238 847
391 639
603 5
822 508
32 701
775 518
418 135
526 785
318 527
643 599
587 521
825 697
335 778
832 113
421 511
438 583
654 117
501 102
87 379
346 583
277 807
878 663
98 196
257 350
787 536
434 446
887 351
325 897
631 241
427 665
360 438
404 255
16 610
778 473
301 326
372 873
40 406
248 717
127 323
126 390
641 226
380 740
264 389
305 28
151 712
814 667
781 284
631 632
766 493
448 412
640 641
456 152
552 87
636 202
5 880
868 27
637 407
78 398
632 865
520 70
25 649
51 574
683 621
417 373
290 678
646 423
278 653
751 820
681 213
344 891
721 375
337 641
570 645
657 537
577 495
159 57
383 724
51 350
783 240
171 435
520 761
586 517
319 423
741 752
506 211
703 686
282 643
250 476
224 583
659 376
329 432
777 651
391 575
791 225
75 478
740 524
509 698
681 409
778 66
64 737
399 91
735 6
102 330
808 749
654 540
627 733
449 154
890 451
475 132
350 264
574 849
718 384
317 99
83 522
108 14
133 612
252 817
32 351
706 554
839 324
153 781
715 385
665 207
290 367
286 779
826 269
72 400
511 125
658 450
107 301